[ T - P r o d u c t ]
    title = [t-product] in r-z mesh
     mesh =  r-z            # mesh type is r-z scoring mesh
       x0 =   0.000000      # center x-position of r-z mesh
       y0 =   0.000000      # center y-position of r-z mesh
   r-type =    2            # r-mesh is linear given by rmin, rmax and nr
     rmin =   0.000000      # minimum value of r-mesh points
     rmax =   500.0000      # maximum value of r-mesh points
#    rdel =   500.0000      # mesh width of r-mesh points
       nr =    1            # number of r-mesh points
#    data = ( r(i), i = 1, nr + 1 )
#           0.00000E+00  5.00000E+02
   z-type =    2            # z-mesh is linear given by zmin, zmax and nz
     zmin =   0.000000      # minimum value of z-mesh points
     zmax =   50.00000      # maximum value of z-mesh points
#    zdel =   50.00000      # mesh width of z-mesh points
       nz =    1            # number of z-mesh points
#    data = ( z(i), i = 1, nz + 1 )
#           0.00000E+00  5.00000E+01
   e-type =    3            # e-mesh is log given by emin, emax and ne
     emin =  1.0000000E-06  # minimum value of e-mesh points
     emax =   1000.000      # maximum value of e-mesh points
#    edel =  0.1036163      # mesh width of e-mesh points
       ne =  200            # number of e-mesh points
#    data = ( e(i), i = 1, ne + 1 )
#           1.00000E-06  1.10917E-06  1.23027E-06  1.36458E-06  1.51356E-06
#           1.67880E-06  1.86209E-06  2.06538E-06  2.29087E-06  2.54097E-06
#           2.81838E-06  3.12608E-06  3.46737E-06  3.84592E-06  4.26580E-06
#           4.73151E-06  5.24807E-06  5.82103E-06  6.45654E-06  7.16143E-06
#           7.94328E-06  8.81049E-06  9.77237E-06  1.08393E-05  1.20226E-05
#           1.33352E-05  1.47911E-05  1.64059E-05  1.81970E-05  2.01837E-05
#           2.23872E-05  2.48313E-05  2.75423E-05  3.05492E-05  3.38844E-05
#           3.75837E-05  4.16869E-05  4.62381E-05  5.12861E-05  5.68853E-05
#           6.30957E-05  6.99842E-05  7.76247E-05  8.60994E-05  9.54993E-05
#           1.05925E-04  1.17490E-04  1.30317E-04  1.44544E-04  1.60325E-04
#           1.77828E-04  1.97242E-04  2.18776E-04  2.42661E-04  2.69153E-04
#           2.98538E-04  3.31131E-04  3.67282E-04  4.07380E-04  4.51856E-04
#           5.01187E-04  5.55904E-04  6.16595E-04  6.83912E-04  7.58578E-04
#           8.41395E-04  9.33254E-04  1.03514E-03  1.14815E-03  1.27350E-03
#           1.41254E-03  1.56675E-03  1.73780E-03  1.92752E-03  2.13796E-03
#           2.37137E-03  2.63027E-03  2.91743E-03  3.23594E-03  3.58922E-03
#           3.98107E-03  4.41570E-03  4.89779E-03  5.43250E-03  6.02560E-03
#           6.68344E-03  7.41310E-03  8.22243E-03  9.12011E-03  1.01158E-02
#           1.12202E-02  1.24451E-02  1.38038E-02  1.53109E-02  1.69824E-02
#           1.88365E-02  2.08930E-02  2.31739E-02  2.57040E-02  2.85102E-02
#           3.16228E-02  3.50752E-02  3.89045E-02  4.31519E-02  4.78630E-02
#           5.30884E-02  5.88844E-02  6.53131E-02  7.24436E-02  8.03526E-02
#           8.91251E-02  9.88553E-02  1.09648E-01  1.21619E-01  1.34896E-01
#           1.49624E-01  1.65959E-01  1.84077E-01  2.04174E-01  2.26464E-01
#           2.51189E-01  2.78612E-01  3.09030E-01  3.42768E-01  3.80189E-01
#           4.21697E-01  4.67735E-01  5.18800E-01  5.75440E-01  6.38263E-01
#           7.07946E-01  7.85236E-01  8.70964E-01  9.66051E-01  1.07152E+00
#           1.18850E+00  1.31826E+00  1.46218E+00  1.62181E+00  1.79887E+00
#           1.99526E+00  2.21309E+00  2.45471E+00  2.72270E+00  3.01995E+00
#           3.34965E+00  3.71535E+00  4.12098E+00  4.57088E+00  5.06991E+00
#           5.62341E+00  6.23735E+00  6.91831E+00  7.67361E+00  8.51138E+00
#           9.44061E+00  1.04713E+01  1.16145E+01  1.28825E+01  1.42889E+01
#           1.58489E+01  1.75792E+01  1.94984E+01  2.16272E+01  2.39883E+01
#           2.66073E+01  2.95121E+01  3.27341E+01  3.63078E+01  4.02717E+01
#           4.46684E+01  4.95450E+01  5.49541E+01  6.09537E+01  6.76083E+01
#           7.49894E+01  8.31764E+01  9.22571E+01  1.02329E+02  1.13501E+02
#           1.25893E+02  1.39637E+02  1.54882E+02  1.71791E+02  1.90546E+02
#           2.11349E+02  2.34423E+02  2.60016E+02  2.88403E+02  3.19890E+02
#           3.54813E+02  3.93550E+02  4.36516E+02  4.84172E+02  5.37032E+02
#           5.95662E+02  6.60693E+02  7.32825E+02  8.12831E+02  9.01571E+02
#           1.00000E+03
 material =  all            # (D=all) number of specific material
   mother =  all            # (D=all) number of specific mother
     unit =    1            # unit is [1/source]
     axis =  eng            # axis of output
     file = source1.dat     # file name of output for the above axis
   output = source          # (D=nuclear) source distribution
     part =  proton     photon     neutron  
# kf/name :  2212       22         2112     
    angel = ymin(1.e-6)
   epsout =    1            # (D=0) generate eps file by ANGEL
#    used :        main (  %)        temp (  %)       total (  %)
#  memory :        1409 (  0)         202 (  0)        1611 (  0)

#------------------------------------------------------------------------------
#newpage:
#   no. =  1   ir  =  1   iz  =  1
#   r = (   0.0000E+00  -   5.0000E+02  )
#   z = (   0.0000E+00  -   5.0000E+01  )

x: Energy [MeV]
y: Number [1/source]                      
p: xlog ylog afac(0.8) form(0.9)
p: ymin(1.e-6)
h: n            x            y(proton  ),hh0l  n  y(photon  ),hh0dr n  y(neutron ),hh0mb n  
#  e-lower      e-upper        number    r.err      number    r.err      number    r.err 
   1.0000E-06   1.1092E-06   3.1577E-04  0.0277   0.0000E+00  0.0000   0.0000E+00  0.0000
   1.1092E-06   1.2303E-06   3.8450E-04  0.0271   0.0000E+00  0.0000   0.0000E+00  0.0000
   1.2303E-06   1.3646E-06   4.1787E-04  0.0281   0.0000E+00  0.0000   0.0000E+00  0.0000
   1.3646E-06   1.5136E-06   5.4123E-04  0.0267   0.0000E+00  0.0000   0.0000E+00  0.0000
   1.5136E-06   1.6788E-06   5.7473E-04  0.0280   0.0000E+00  0.0000   0.0000E+00  0.0000
   1.6788E-06   1.8621E-06   6.6778E-04  0.0281   0.0000E+00  0.0000   0.0000E+00  0.0000
   1.8621E-06   2.0654E-06   7.8455E-04  0.0279   0.0000E+00  0.0000   0.0000E+00  0.0000
   2.0654E-06   2.2909E-06   9.2293E-04  0.0278   0.0000E+00  0.0000   0.0000E+00  0.0000
   2.2909E-06   2.5410E-06   1.1356E-03  0.0270   0.0000E+00  0.0000   0.0000E+00  0.0000
   2.5410E-06   2.8184E-06   1.2344E-03  0.0280   0.0000E+00  0.0000   0.0000E+00  0.0000
   2.8184E-06   3.1261E-06   1.4489E-03  0.0279   0.0000E+00  0.0000   0.0000E+00  0.0000
   3.1261E-06   3.4674E-06   1.8289E-03  0.0267   0.0000E+00  0.0000   0.0000E+00  0.0000
   3.4674E-06   3.8459E-06   1.9886E-03  0.0277   0.0000E+00  0.0000   0.0000E+00  0.0000
   3.8459E-06   4.2658E-06   2.2884E-03  0.0279   0.0000E+00  0.0000   0.0000E+00  0.0000
   4.2658E-06   4.7315E-06   2.6244E-03  0.0281   0.0000E+00  0.0000   0.0000E+00  0.0000
   4.7315E-06   5.2481E-06   3.3139E-03  0.0269   0.0000E+00  0.0000   0.0000E+00  0.0000
   5.2481E-06   5.8210E-06   3.6521E-03  0.0277   0.0000E+00  0.0000   0.0000E+00  0.0000
   5.8210E-06   6.4565E-06   4.1914E-03  0.0278   0.0000E+00  0.0000   0.0000E+00  0.0000
   6.4565E-06   7.1614E-06   4.9014E-03  0.0277   0.0000E+00  0.0000   0.0000E+00  0.0000
   7.1614E-06   7.9433E-06   5.5592E-03  0.0280   0.0000E+00  0.0000   0.0000E+00  0.0000
   7.9433E-06   8.8105E-06   6.4000E-03  0.0281   0.0000E+00  0.0000   0.0000E+00  0.0000
   8.8105E-06   9.7724E-06   7.0718E-03  0.0288   0.0000E+00  0.0000   0.0000E+00  0.0000
   9.7724E-06   1.0839E-05   8.9166E-03  0.0275   0.0000E+00  0.0000   0.0000E+00  0.0000
   1.0839E-05   1.2023E-05   1.0792E-02  0.0269   0.0000E+00  0.0000   0.0000E+00  0.0000
   1.2023E-05   1.3335E-05   1.1773E-02  0.0277   0.0000E+00  0.0000   0.0000E+00  0.0000
   1.3335E-05   1.4791E-05   1.3578E-02  0.0277   0.0000E+00  0.0000   0.0000E+00  0.0000
   1.4791E-05   1.6406E-05   1.5676E-02  0.0276   0.0000E+00  0.0000   0.0000E+00  0.0000
   1.6406E-05   1.8197E-05   1.7366E-02  0.0281   0.0000E+00  0.0000   0.0000E+00  0.0000
   1.8197E-05   2.0184E-05   2.1260E-02  0.0272   0.0000E+00  0.0000   0.0000E+00  0.0000
   2.0184E-05   2.2387E-05   2.3533E-02  0.0276   0.0000E+00  0.0000   0.0000E+00  0.0000
   2.2387E-05   2.4831E-05   2.4357E-02  0.0291   0.0000E+00  0.0000   0.0000E+00  0.0000
   2.4831E-05   2.7542E-05   3.0055E-02  0.0279   0.0000E+00  0.0000   0.0000E+00  0.0000
   2.7542E-05   3.0549E-05   3.3672E-02  0.0281   0.0000E+00  0.0000   0.0000E+00  0.0000
   3.0549E-05   3.3884E-05   3.7522E-02  0.0283   0.0000E+00  0.0000   0.0000E+00  0.0000
   3.3884E-05   3.7584E-05   4.2224E-02  0.0283   0.0000E+00  0.0000   0.0000E+00  0.0000
   3.7584E-05   4.1687E-05   4.6735E-02  0.0285   0.0000E+00  0.0000   0.0000E+00  0.0000
   4.1687E-05   4.6238E-05   5.5025E-02  0.0278   0.0000E+00  0.0000   0.0000E+00  0.0000
   4.6238E-05   5.1286E-05   6.1814E-02  0.0277   0.0000E+00  0.0000   0.0000E+00  0.0000
   5.1286E-05   5.6885E-05   6.9138E-02  0.0275   0.0000E+00  0.0000   0.0000E+00  0.0000
   5.6885E-05   6.3096E-05   7.4240E-02  0.0279   0.0000E+00  0.0000   0.0000E+00  0.0000
   6.3096E-05   6.9984E-05   8.0367E-02  0.0280   0.0000E+00  0.0000   0.0000E+00  0.0000
   6.9984E-05   7.7625E-05   8.9756E-02  0.0276   0.0000E+00  0.0000   0.0000E+00  0.0000
   7.7625E-05   8.6099E-05   9.2397E-02  0.0283   0.0000E+00  0.0000   0.0000E+00  0.0000
   8.6099E-05   9.5499E-05   9.9926E-02  0.0281   0.0000E+00  0.0000   0.0000E+00  0.0000
   9.5499E-05   1.0593E-04   1.0898E-01  0.0277   0.0000E+00  0.0000   0.0000E+00  0.0000
   1.0593E-04   1.1749E-04   1.1283E-01  0.0278   0.0000E+00  0.0000   0.0000E+00  0.0000
   1.1749E-04   1.3032E-04   1.1627E-01  0.0279   0.0000E+00  0.0000   0.0000E+00  0.0000
   1.3032E-04   1.4454E-04   1.2010E-01  0.0277   0.0000E+00  0.0000   0.0000E+00  0.0000
   1.4454E-04   1.6032E-04   1.1633E-01  0.0283   0.0000E+00  0.0000   0.0000E+00  0.0000
   1.6032E-04   1.7783E-04   1.1671E-01  0.0281   0.0000E+00  0.0000   0.0000E+00  0.0000
   1.7783E-04   1.9724E-04   1.1683E-01  0.0276   0.0000E+00  0.0000   0.0000E+00  0.0000
   1.9724E-04   2.1878E-04   1.0722E-01  0.0282   0.0000E+00  0.0000   0.0000E+00  0.0000
   2.1878E-04   2.4266E-04   1.0290E-01  0.0277   0.0000E+00  0.0000   0.0000E+00  0.0000
   2.4266E-04   2.6915E-04   9.0479E-02  0.0282   0.0000E+00  0.0000   0.0000E+00  0.0000
   2.6915E-04   2.9854E-04   8.0258E-02  0.0282   0.0000E+00  0.0000   0.0000E+00  0.0000
   2.9854E-04   3.3113E-04   7.3241E-02  0.0273   0.0000E+00  0.0000   0.0000E+00  0.0000
   3.3113E-04   3.6728E-04   5.9386E-02  0.0276   0.0000E+00  0.0000   0.0000E+00  0.0000
   3.6728E-04   4.0738E-04   4.5269E-02  0.0283   0.0000E+00  0.0000   0.0000E+00  0.0000
   4.0738E-04   4.5186E-04   3.3473E-02  0.0288   0.0000E+00  0.0000   0.0000E+00  0.0000
   4.5186E-04   5.0119E-04   2.6551E-02  0.0277   0.0000E+00  0.0000   0.0000E+00  0.0000
   5.0119E-04   5.5590E-04   1.7761E-02  0.0283   0.0000E+00  0.0000   0.0000E+00  0.0000
   5.5590E-04   6.1660E-04   1.1908E-02  0.0280   0.0000E+00  0.0000   0.0000E+00  0.0000
   6.1660E-04   6.8391E-04   7.4219E-03  0.0280   0.0000E+00  0.0000   0.0000E+00  0.0000
   6.8391E-04   7.5858E-04   4.3512E-03  0.0278   0.0000E+00  0.0000   0.0000E+00  0.0000
   7.5858E-04   8.4140E-04   2.2212E-03  0.0287   0.0000E+00  0.0000   0.0000E+00  0.0000
   8.4140E-04   9.3325E-04   1.1182E-03  0.0283   0.0000E+00  0.0000   0.0000E+00  0.0000
   9.3325E-04   1.0351E-03   3.5777E-04  0.0356   0.0000E+00  0.0000   0.0000E+00  0.0000
   1.0351E-03   1.1482E-03   0.0000E+00  0.0000   3.0159E-05  1.0000   0.0000E+00  0.0000
   1.1482E-03   1.2735E-03   0.0000E+00  0.0000   0.0000E+00  0.0000   0.0000E+00  0.0000
   1.2735E-03   1.4125E-03   0.0000E+00  0.0000   0.0000E+00  0.0000   0.0000E+00  0.0000
   1.4125E-03   1.5668E-03   0.0000E+00  0.0000   3.0159E-05  1.0000   0.0000E+00  0.0000
   1.5668E-03   1.7378E-03   0.0000E+00  0.0000   3.0159E-05  1.0000   0.0000E+00  0.0000
   1.7378E-03   1.9275E-03   0.0000E+00  0.0000   3.0159E-05  1.0000   0.0000E+00  0.0000
   1.9275E-03   2.1380E-03   0.0000E+00  0.0000   0.0000E+00  0.0000   0.0000E+00  0.0000
   2.1380E-03   2.3714E-03   0.0000E+00  0.0000   3.0159E-05  1.0000   0.0000E+00  0.0000
   2.3714E-03   2.6303E-03   0.0000E+00  0.0000   6.0318E-05  0.7071   0.0000E+00  0.0000
   2.6303E-03   2.9174E-03   0.0000E+00  0.0000   6.0318E-05  0.7071   0.0000E+00  0.0000
   2.9174E-03   3.2359E-03   0.0000E+00  0.0000   3.0159E-05  1.0000   0.0000E+00  0.0000
   3.2359E-03   3.5892E-03   0.0000E+00  0.0000   6.0318E-05  0.7071   0.0000E+00  0.0000
   3.5892E-03   3.9811E-03   0.0000E+00  0.0000   6.0318E-05  0.7071   0.0000E+00  0.0000
   3.9811E-03   4.4157E-03   0.0000E+00  0.0000   1.2064E-04  0.5000   0.0000E+00  0.0000
   4.4157E-03   4.8978E-03   0.0000E+00  0.0000   9.0477E-05  0.5773   0.0000E+00  0.0000
   4.8978E-03   5.4325E-03   0.0000E+00  0.0000   9.0477E-05  0.5773   0.0000E+00  0.0000
   5.4325E-03   6.0256E-03   0.0000E+00  0.0000   6.0318E-05  0.7071   0.0000E+00  0.0000
   6.0256E-03   6.6834E-03   0.0000E+00  0.0000   1.5079E-04  0.4472   0.0000E+00  0.0000
   6.6834E-03   7.4131E-03   0.0000E+00  0.0000   1.8095E-04  0.4082   0.0000E+00  0.0000
   7.4131E-03   8.2224E-03   0.0000E+00  0.0000   3.3175E-04  0.3015   0.0000E+00  0.0000
   8.2224E-03   9.1201E-03   0.0000E+00  0.0000   4.2222E-04  0.2672   0.0000E+00  0.0000
   9.1201E-03   1.0116E-02   0.0000E+00  0.0000   2.4127E-04  0.3535   1.9525E-03  0.3162
   1.0116E-02   1.1220E-02   0.0000E+00  0.0000   3.6191E-04  0.2886   1.4991E-02  0.1131
   1.1220E-02   1.2445E-02   0.0000E+00  0.0000   3.3175E-04  0.3015   1.6129E-02  0.1059
   1.2445E-02   1.3804E-02   0.0000E+00  0.0000   4.8254E-04  0.2499   1.2349E-02  0.1177
   1.3804E-02   1.5311E-02   0.0000E+00  0.0000   4.2222E-04  0.2672   1.6122E-02  0.1004
   1.5311E-02   1.6982E-02   0.0000E+00  0.0000   5.4286E-04  0.2356   1.0796E-02  0.1194
   1.6982E-02   1.8836E-02   0.0000E+00  0.0000   4.8254E-04  0.2499   1.1641E-02  0.1117
   1.8836E-02   2.0893E-02   0.0000E+00  0.0000   1.0556E-03  0.1689   1.0758E-02  0.1131
   2.0893E-02   2.3174E-02   0.0000E+00  0.0000   1.1460E-03  0.1621   9.9229E-03  0.1146
   2.3174E-02   2.5704E-02   0.0000E+00  0.0000   1.3572E-03  0.1490   9.0343E-03  0.1169
   2.5704E-02   2.8510E-02   0.0000E+00  0.0000   1.4175E-03  0.1458   8.1871E-03  0.1194
   2.8510E-02   3.1623E-02   0.0000E+00  0.0000   2.0508E-03  0.1211   8.1953E-03  0.1161
   3.1623E-02   3.5075E-02   0.0000E+00  0.0000   2.5635E-03  0.1083   8.4405E-03  0.1110
   3.5075E-02   3.8905E-02   0.0000E+00  0.0000   3.3476E-03  0.0948   6.9960E-03  0.1186
   3.8905E-02   4.3152E-02   0.0000E+00  0.0000   3.7699E-03  0.0893   7.0774E-03  0.1146
   4.3152E-02   4.7863E-02   0.0000E+00  0.0000   5.2175E-03  0.0758   5.0484E-03  0.1324
   4.7863E-02   5.3088E-02   0.0000E+00  0.0000   6.7858E-03  0.0664   5.7643E-03  0.1203
   5.3088E-02   5.8884E-02   0.0000E+00  0.0000   9.6810E-03  0.0555   5.7317E-03  0.1169
   5.8884E-02   6.5313E-02   0.0000E+00  0.0000   9.5905E-03  0.0558   5.7853E-03  0.1131
   6.5313E-02   7.2444E-02   0.0000E+00  0.0000   1.4386E-02  0.0455   5.8153E-03  0.1097
   7.2444E-02   8.0353E-02   0.0000E+00  0.0000   1.4506E-02  0.0453   5.3615E-03  0.1110
   8.0353E-02   8.9125E-02   0.0000E+00  0.0000   2.0206E-02  0.0382   5.0450E-03  0.1110
   8.9125E-02   9.8855E-02   0.0000E+00  0.0000   2.3524E-02  0.0354   4.2888E-03  0.1169
   9.8855E-02   1.0965E-01   0.0000E+00  0.0000   2.6359E-02  0.0334   4.5366E-03  0.1103
   1.0965E-01   1.2162E-01   0.0000E+00  0.0000   2.6751E-02  0.0331   4.8008E-03  0.1041
   1.2162E-01   1.3490E-01   0.0000E+00  0.0000   2.6268E-02  0.0334   3.5830E-03  0.1169
   1.3490E-01   1.4962E-01   0.0000E+00  0.0000   2.1805E-02  0.0368   3.3613E-03  0.1169
   1.4962E-01   1.6596E-01   0.0000E+00  0.0000   1.5110E-02  0.0443   3.4208E-03  0.1124
   1.6596E-01   1.8408E-01   0.0000E+00  0.0000   9.1382E-03  0.0572   2.5383E-03  0.1269
   1.8408E-01   2.0417E-01   0.0000E+00  0.0000   4.6445E-03  0.0804   2.8614E-03  0.1161
   2.0417E-01   2.2646E-01   0.0000E+00  0.0000   1.3270E-03  0.1507   2.7391E-03  0.1146
   2.2646E-01   2.5119E-01   0.0000E+00  0.0000   3.3175E-04  0.3015   2.8102E-03  0.1096
   2.5119E-01   2.7861E-01   0.0000E+00  0.0000   3.0159E-05  1.0000   2.7320E-03  0.1077
   2.7861E-01   3.0903E-01   0.0000E+00  0.0000   0.0000E+00  0.0000   2.0460E-03  0.1203
   3.0903E-01   3.4277E-01   0.0000E+00  0.0000   0.0000E+00  0.0000   2.3682E-03  0.1084
   3.4277E-01   3.8019E-01   0.0000E+00  0.0000   0.0000E+00  0.0000   1.7476E-03  0.1221
   3.8019E-01   4.2170E-01   0.0000E+00  0.0000   0.0000E+00  0.0000   2.0218E-03  0.1096
   4.2170E-01   4.6774E-01   0.0000E+00  0.0000   0.0000E+00  0.0000   1.8978E-03  0.1096
   4.6774E-01   5.1880E-01   0.0000E+00  0.0000   0.0000E+00  0.0000   1.5581E-03  0.1169
   5.1880E-01   5.7544E-01   0.0000E+00  0.0000   0.0000E+00  0.0000   1.5094E-03  0.1146
   5.7544E-01   6.3826E-01   0.0000E+00  0.0000   0.0000E+00  0.0000   1.2980E-03  0.1194
   6.3826E-01   7.0795E-01   0.0000E+00  0.0000   0.0000E+00  0.0000   1.2312E-03  0.1186
   7.0795E-01   7.8524E-01   0.0000E+00  0.0000   0.0000E+00  0.0000   1.3322E-03  0.1096
   7.8524E-01   8.7096E-01   0.0000E+00  0.0000   0.0000E+00  0.0000   1.0458E-03  0.1194
   8.7096E-01   9.6605E-01   0.0000E+00  0.0000   0.0000E+00  0.0000   9.3966E-04  0.1212
   9.6605E-01   1.0715E+00   0.0000E+00  0.0000   0.0000E+00  0.0000   9.3407E-04  0.1170
   1.0715E+00   1.1885E+00   0.0000E+00  0.0000   0.0000E+00  0.0000   9.6775E-04  0.1110
   1.1885E+00   1.3183E+00   0.0000E+00  0.0000   0.0000E+00  0.0000   7.3383E-04  0.1221
   1.3183E+00   1.4622E+00   0.0000E+00  0.0000   0.0000E+00  0.0000   7.0165E-04  0.1203
   1.4622E+00   1.6218E+00   0.0000E+00  0.0000   0.0000E+00  0.0000   7.5365E-04  0.1117
   1.6218E+00   1.7989E+00   0.0000E+00  0.0000   0.0000E+00  0.0000   6.3010E-04  0.1170
   1.7989E+00   1.9953E+00   0.0000E+00  0.0000   0.0000E+00  0.0000   6.9233E-04  0.1071
   1.9953E+00   2.2131E+00   0.0000E+00  0.0000   0.0000E+00  0.0000   4.7801E-04  0.1230
   2.2131E+00   2.4547E+00   0.0000E+00  0.0000   0.0000E+00  0.0000   4.4843E-04  0.1221
   2.4547E+00   2.7227E+00   0.0000E+00  0.0000   0.0000E+00  0.0000   4.1415E-04  0.1212
   2.7227E+00   3.0200E+00   0.0000E+00  0.0000   0.0000E+00  0.0000   4.1157E-04  0.1162
   3.0200E+00   3.3497E+00   0.0000E+00  0.0000   0.0000E+00  0.0000   3.5957E-04  0.1186
   3.3497E+00   3.7154E+00   0.0000E+00  0.0000   0.0000E+00  0.0000   3.9508E-04  0.1077
   3.7154E+00   4.1210E+00   0.0000E+00  0.0000   0.0000E+00  0.0000   3.2385E-04  0.1132
   4.1210E+00   4.5709E+00   0.0000E+00  0.0000   0.0000E+00  0.0000   2.7549E-04  0.1170
   4.5709E+00   5.0699E+00   0.0000E+00  0.0000   0.0000E+00  0.0000   2.7122E-04  0.1117
   5.0699E+00   5.6234E+00   0.0000E+00  0.0000   0.0000E+00  0.0000   2.3842E-04  0.1131
   5.6234E+00   6.2373E+00   0.0000E+00  0.0000   0.0000E+00  0.0000   2.2916E-04  0.1090
   6.2373E+00   6.9183E+00   0.0000E+00  0.0000   0.0000E+00  0.0000   1.8771E-04  0.1132
   6.9183E+00   7.6736E+00   0.0000E+00  0.0000   0.0000E+00  0.0000   1.5699E-04  0.1179
   7.6736E+00   8.5114E+00   0.0000E+00  0.0000   0.0000E+00  0.0000   1.7168E-04  0.1059
   8.5114E+00   9.4406E+00   0.0000E+00  0.0000   0.0000E+00  0.0000   1.2866E-04  0.1154
   9.4406E+00   1.0471E+01   0.0000E+00  0.0000   0.0000E+00  0.0000   1.3099E-04  0.1071
   1.0471E+01   1.1614E+01   0.0000E+00  0.0000   0.0000E+00  0.0000   1.2363E-04  0.1031
   1.1614E+01   1.2882E+01   0.0000E+00  0.0000   0.0000E+00  0.0000   7.5157E-05  0.1241
   1.2882E+01   1.4289E+01   0.0000E+00  0.0000   0.0000E+00  0.0000   8.1937E-05  0.1111
   1.4289E+01   1.5849E+01   0.0000E+00  0.0000   0.0000E+00  0.0000   7.0475E-05  0.1118
   1.5849E+01   1.7579E+01   0.0000E+00  0.0000   0.0000E+00  0.0000   7.2510E-05  0.1015
   1.7579E+01   1.9498E+01   0.0000E+00  0.0000   0.0000E+00  0.0000   4.4764E-05  0.1205
   1.9498E+01   2.1627E+01   0.0000E+00  0.0000   0.0000E+00  0.0000   4.3862E-05  0.1126
   2.1627E+01   2.3988E+01   0.0000E+00  0.0000   0.0000E+00  0.0000   3.9508E-05  0.1092
   2.3988E+01   2.6607E+01   0.0000E+00  0.0000   0.0000E+00  0.0000   3.1588E-05  0.1118
   2.6607E+01   2.9512E+01   0.0000E+00  0.0000   0.0000E+00  0.0000   1.7999E-05  0.1349
   2.9512E+01   3.2734E+01   0.0000E+00  0.0000   0.0000E+00  0.0000   2.0565E-05  0.1157
   3.2734E+01   3.6308E+01   0.0000E+00  0.0000   0.0000E+00  0.0000   1.9216E-05  0.1093
   3.6308E+01   4.0272E+01   0.0000E+00  0.0000   0.0000E+00  0.0000   1.1760E-05  0.1261
   4.0272E+01   4.4668E+01   0.0000E+00  0.0000   0.0000E+00  0.0000   1.3050E-05  0.1079
   4.4668E+01   4.9545E+01   0.0000E+00  0.0000   0.0000E+00  0.0000   8.1323E-06  0.1223
   4.9545E+01   5.4954E+01   0.0000E+00  0.0000   0.0000E+00  0.0000   7.2644E-06  0.1149
   5.4954E+01   6.0954E+01   0.0000E+00  0.0000   0.0000E+00  0.0000   6.6107E-06  0.1081
   6.0954E+01   6.7608E+01   0.0000E+00  0.0000   0.0000E+00  0.0000   4.1980E-06  0.1189
   6.7608E+01   7.4989E+01   0.0000E+00  0.0000   0.0000E+00  0.0000   3.8911E-06  0.1093
   7.4989E+01   8.3176E+01   0.0000E+00  0.0000   0.0000E+00  0.0000   2.7498E-06  0.1134
   8.3176E+01   9.2257E+01   0.0000E+00  0.0000   0.0000E+00  0.0000   2.0748E-06  0.1145
   9.2257E+01   1.0233E+02   0.0000E+00  0.0000   0.0000E+00  0.0000   1.8590E-06  0.1046
   1.0233E+02   1.1350E+02   0.0000E+00  0.0000   0.0000E+00  0.0000   9.7048E-07  0.1236
   1.1350E+02   1.2589E+02   0.0000E+00  0.0000   0.0000E+00  0.0000   7.3390E-07  0.1217
   1.2589E+02   1.3964E+02   0.0000E+00  0.0000   0.0000E+00  0.0000   5.5986E-07  0.1151
   1.3964E+02   1.5488E+02   0.0000E+00  0.0000   0.0000E+00  0.0000   3.7018E-07  0.1213
   1.5488E+02   1.7179E+02   0.0000E+00  0.0000   0.0000E+00  0.0000   2.6239E-07  0.1195
   1.7179E+02   1.9055E+02   0.0000E+00  0.0000   0.0000E+00  0.0000   1.7589E-07  0.1190
   1.9055E+02   2.1135E+02   0.0000E+00  0.0000   0.0000E+00  0.0000   1.2470E-07  0.1154
   2.1135E+02   2.3442E+02   0.0000E+00  0.0000   0.0000E+00  0.0000   7.7807E-08  0.1147
   2.3442E+02   2.6002E+02   0.0000E+00  0.0000   0.0000E+00  0.0000   5.2763E-08  0.1104
   2.6002E+02   2.8840E+02   0.0000E+00  0.0000   0.0000E+00  0.0000   2.9028E-08  0.1181
   2.8840E+02   3.1989E+02   0.0000E+00  0.0000   0.0000E+00  0.0000   1.7763E-08  0.1160
   3.1989E+02   3.5481E+02   0.0000E+00  0.0000   0.0000E+00  0.0000   1.0261E-08  0.1132
   3.5481E+02   3.9355E+02   0.0000E+00  0.0000   0.0000E+00  0.0000   5.7730E-09  0.1110
   3.9355E+02   4.3652E+02   0.0000E+00  0.0000   0.0000E+00  0.0000   3.4995E-09  0.1082
   4.3652E+02   4.8417E+02   0.0000E+00  0.0000   0.0000E+00  0.0000   1.2007E-09  0.1236
   4.8417E+02   5.3703E+02   0.0000E+00  0.0000   0.0000E+00  0.0000   6.7346E-10  0.1183
   5.3703E+02   5.9566E+02   0.0000E+00  0.0000   0.0000E+00  0.0000   2.8035E-10  0.1192
   5.9566E+02   6.6069E+02   0.0000E+00  0.0000   0.0000E+00  0.0000   1.3150E-10  0.1126
   6.6069E+02   7.3282E+02   0.0000E+00  0.0000   0.0000E+00  0.0000   4.2516E-11  0.1312
   7.3282E+02   8.1283E+02   0.0000E+00  0.0000   0.0000E+00  0.0000   1.6317E-11  0.1258
   8.1283E+02   9.0157E+02   0.0000E+00  0.0000   0.0000E+00  0.0000   6.5089E-12  0.1196
   9.0157E+02   1.0000E+03   0.0000E+00  0.0000   0.0000E+00  0.0000   2.2987E-12  0.1098

#   sum over                 2.4843E+00  0.0051   2.5710E-01  0.0107   2.5855E-01  0.0202

'no. =  1,    (ir,iz) = (  1,  1)'
msuc: {\huge [t-product] in r-z mesh}
msdl: {\it plotted by \ANGEL \version}
msdr: {\it calculated by \PHITS  2.30}
wt: s(0.7)
\vspace{-3}
   vol  &=&   1.0000E+00 [cm^3]
  rmin  &=&   0.0000E+00 [cm]
  rmax  &=&   5.0000E+02 [cm]
  zmin  &=&   0.0000E+00 [cm]
  zmax  &=&   5.0000E+01 [cm]
e:
