[ T - Gshow ]
    title = [t-gshow] in xyz mesh
     mesh =  xyz            # mesh type is xyz scoring mesh
   x-type =    2            # x-mesh is linear given by xmin, xmax and nx
     xmin =  -400.0000      # minimum value of x-mesh points
     xmax =   800.0000      # maximum value of x-mesh points
#    xdel =   6.000000      # mesh width of x-mesh points
       nx =  200            # number of x-mesh points
   y-type =    2            # y-mesh is linear given by ymin, ymax and ny
     ymin =  -200.0000      # minimum value of y-mesh points
     ymax =   200.0000      # maximum value of y-mesh points
#    ydel =   400.0000      # mesh width of y-mesh points
       ny =    1            # number of y-mesh points
   z-type =    2            # z-mesh is linear given by zmin, zmax and nz
     zmin =  -1000.000      # minimum value of z-mesh points
     zmax =   1100.000      # maximum value of z-mesh points
#    zdel =   10.50000      # mesh width of z-mesh points
       nz =  200            # number of z-mesh points
     trcl =    1            # transformation ID
     axis =   xz            # axis of output
     file = g-xz02.dat      # file name of output for the above axis
   output =    6            # (D=2) 1:bnd, 2:bnd+mat, 3:bnd+num 4:bnd+mat+num
    resol =    1            # (D=1) resolution of gshow or rshow
    width = 0.5000000       # (D=0.5) width of lines for gshow or rshow
   epsout =    1            # (D=0) generate eps file by ANGEL
#    used :        main (  %)        temp (  %)       total (  %)
#  memory :         404 (  0)       20201 (  0)       20605 (  0)

#------------------------------------------------------------------------------
#newpage:
#   no. =  1   x =    0.0000E+00

'no. =  1,    y =    0.0000E+00'
msuc: {\huge [t-gshow] in xyz mesh}
msdl: {\it plotted by \ANGEL \version}
msdr: {\it calculated by \PHITS  2.30}

x: z [cm]
y: x [cm]
set: c1[ 0.571] c2[ 1.191] c5[ 0.800] c6[ 0.822] c7[ 0.000] c8[ 0.300]
p: form[c1] xfac[c2] afac[c5] scal[c6] xorg[c7] yorg[c8] nosp
p: xmin( -1000.000    ) xmax(  1100.000    )
p: ymin( -400.0000    ) ymax(  800.0000    )

p: legs[c5*0.875]

w:201/ x(  -0.2397651E+03) y(  -0.7075608E+02) ix(2) iy(2) s(   0.7000E+00)

h: x ny1,0  y2=[y1](1),ic[yellowgreen]
 -1.000000E+00 -1.000000E+00

hb:   line clip z   cb(yellowgreen)
clip:
 -3.077178E+00 -1.999951E+02
 -2.967254E+00 -1.999954E+02
 -1.136868E-13 -1.999403E+02
 -1.136868E-13 -1.969179E+02
  0.000000E+00 -1.938806E+02
  0.000000E+00 -1.908582E+02
  0.000000E+00 -1.878209E+02
  1.136868E-13 -1.847985E+02
  0.000000E+00 -1.817612E+02
  1.136868E-13 -1.787388E+02
  0.000000E+00 -1.757015E+02
  0.000000E+00 -1.726791E+02
  0.000000E+00 -1.696418E+02
  0.000000E+00 -1.666194E+02
 -1.136868E-13 -1.635821E+02
 -1.136868E-13 -1.605597E+02
  0.000000E+00 -1.575224E+02
  0.000000E+00 -1.545000E+02
  0.000000E+00 -1.514627E+02
  0.000000E+00 -1.484403E+02
  0.000000E+00 -1.454030E+02
  0.000000E+00 -1.423806E+02
  0.000000E+00 -1.393433E+02
  1.136868E-13 -1.363209E+02
  0.000000E+00 -1.332836E+02
  0.000000E+00 -1.302612E+02
  0.000000E+00 -1.272239E+02
  0.000000E+00 -1.242015E+02
  0.000000E+00 -1.211642E+02
  0.000000E+00 -1.181418E+02
  0.000000E+00 -1.151045E+02
  0.000000E+00 -1.120821E+02
  0.000000E+00 -1.090448E+02
  0.000000E+00 -1.060224E+02
  1.136868E-13 -1.029851E+02
  0.000000E+00 -9.996269E+01
  0.000000E+00 -9.692537E+01
  1.136868E-13 -9.390299E+01
  0.000000E+00 -9.086567E+01
  0.000000E+00 -8.784328E+01
  0.000000E+00 -8.480597E+01
  0.000000E+00 -8.178358E+01
 -1.136868E-13 -7.874627E+01
 -1.136868E-13 -7.572388E+01
  0.000000E+00 -7.268657E+01
 -1.136868E-13 -6.966418E+01
  0.000000E+00 -6.662687E+01
  1.136868E-13 -6.360448E+01
  1.136868E-13 -6.056716E+01
  0.000000E+00 -5.754478E+01
  0.000000E+00 -5.450746E+01
  1.136868E-13 -5.148507E+01
 -3.022388E+00 -4.999439E+01
 -7.565007E+00 -4.996484E+01
 -1.362687E+01 -4.988592E+01
 -1.834100E+01 -4.979333E+01
 -2.423134E+01 -4.963923E+01
 -2.926508E+01 -4.947372E+01
 -3.483582E+01 -4.925419E+01
 -4.034373E+01 -4.899955E+01
 -4.544030E+01 -4.873061E+01
 -5.158398E+01 -4.836378E+01
 -5.024401E+01 -4.844776E+01
 -5.568965E+01 -4.809264E+01
 -5.604478E+01 -4.806820E+01
 -5.645258E+01 -4.803995E+01
 -6.664925E+01 -4.726665E+01
 -6.793722E+01 -4.715980E+01
 -7.725373E+01 -4.632552E+01
 -7.960344E+01 -4.609805E+01
 -8.785821E+01 -4.524434E+01
 -9.146092E+01 -4.484505E+01
 -9.846269E+01 -4.402254E+01
 -1.035203E+02 -4.339011E+01
 -1.090672E+02 -4.265949E+01
 -1.157936E+02 -4.172137E+01
 -1.110560E+02 -4.238806E+01
 -1.185970E+02 -4.131346E+01
 -1.196716E+02 -4.115446E+01
 -1.211222E+02 -4.093751E+01
 -1.302761E+02 -3.950666E+01
 -1.337242E+02 -3.893997E+01
 -1.408806E+02 -3.771521E+01
 -1.465750E+02 -3.669361E+01
 -1.485563E+02 -3.632836E+01
 -1.510232E+02 -3.586649E+01
 -1.514851E+02 -3.577914E+01
 -1.521630E+02 -3.565043E+01
 -1.620896E+02 -3.369740E+01
 -1.654005E+02 -3.301742E+01
 -1.726940E+02 -3.146885E+01
 -1.789340E+02 -3.008840E+01
 -1.781322E+02 -3.026866E+01
 -1.823425E+02 -2.931261E+01
 -1.832985E+02 -2.909224E+01
 -1.848306E+02 -2.873656E+01
 -1.939030E+02 -2.656625E+01
 -1.988303E+02 -2.534133E+01
 -2.032726E+02 -2.420896E+01
 -2.042538E+02 -2.395525E+01
 -2.045075E+02 -2.388943E+01
 -2.049392E+02 -2.377724E+01
 -2.151119E+02 -2.106025E+01
 -2.194671E+02 -1.985382E+01
 -2.254661E+02 -1.814925E+01
 -2.256604E+02 -1.809322E+01
 -2.257164E+02 -1.807705E+01
 -2.258179E+02 -1.804774E+01
 -2.363209E+02 -1.493805E+01
 -2.409524E+02 -1.351773E+01
 -2.455132E+02 -1.208955E+01
 -2.465854E+02 -1.174954E+01
 -2.469254E+02 -1.164138E+01
 -2.475833E+02 -1.143159E+01
 -2.575299E+02 -8.184997E+00
 -2.634261E+02 -6.193338E+00
 -2.639035E+02 -6.029851E+00
 -2.670490E+02 -4.944562E+00
 -2.681343E+02 -4.566763E+00
 -2.703871E+02 -3.777050E+00
 -2.787388E+02 -7.843742E-01
 -2.870741E+02  2.305468E+00
 -2.809626E+02  2.985075E-02
 -2.870694E+02  2.303700E+00
 -2.893433E+02  3.164617E+00
 -2.944335E+02  5.120112E+00
 -2.969199E+02  6.089552E+00
 -2.990928E+02  6.944476E+00
 -2.999478E+02  7.282818E+00
 -3.019297E+02  8.071480E+00
 -3.105522E+02  1.157301E+01
 -3.119446E+02  1.214925E+01
 -3.184320E+02  1.487399E+01
 -3.211567E+02  1.603815E+01
 -3.280382E+02  1.903078E+01
 -3.261657E+02  1.820896E+01
 -3.300501E+02  1.992001E+01
 -3.317612E+02  2.068139E+01
 -3.362565E+02  2.270425E+01
 -3.396839E+02  2.426866E+01
 -3.415198E+02  2.511451E+01
 -3.423657E+02  2.550609E+01
 -3.446810E+02  2.658397E+01
 -3.525803E+02  3.032836E+01
 -3.528436E+02  3.045494E+01
 -3.529701E+02  3.051584E+01
 -3.533318E+02  3.068999E+01
 -3.635746E+02  3.571445E+01
 -3.649207E+02  3.638806E+01
 -3.710648E+02  3.950236E+01
 -3.741791E+02  4.110599E+01
 -3.767598E+02  4.244776E+01
 -3.820149E+02  4.521640E+01
 -3.847836E+02  4.669483E+01
 -3.881435E+02  4.850746E+01
 -3.928271E+02  5.106840E+01
 -3.953881E+02  5.248560E+01
 -3.991106E+02  5.456716E+01
 -4.035032E+02  5.705650E+01
 -4.059925E+02  5.848327E+01
 -4.082534E+02  5.682805E+01
 -4.095587E+02  5.456716E+01
 -4.144303E+02  4.612942E+01
 -4.130573E+02  4.850746E+01
 -4.165559E+02  4.244776E+01
 -4.165970E+02  4.237653E+01
 -4.187889E+02  3.857999E+01
 -4.200545E+02  3.638806E+01
 -4.247774E+02  2.820766E+01
 -4.235530E+02  3.032836E+01
 -4.270516E+02  2.426866E+01
 -4.272015E+02  2.400904E+01
 -4.293245E+02  2.033193E+01
 -4.305502E+02  1.820896E+01
 -4.351246E+02  1.028590E+01
 -4.340487E+02  1.214925E+01
 -4.375473E+02  6.089552E+00
 -4.378060E+02  5.641543E+00
 -4.398600E+02  2.083873E+00
 -4.410459E+02  2.985075E-02
 -4.454717E+02 -7.635863E+00
 -4.445445E+02 -6.029851E+00
 -4.480430E+02 -1.208955E+01
 -4.484104E+02 -1.272595E+01
 -4.503955E+02 -1.616419E+01
 -4.515416E+02 -1.814925E+01
 -4.558188E+02 -2.555762E+01
 -4.550402E+02 -2.420896E+01
 -4.585387E+02 -3.026866E+01
 -4.590149E+02 -3.109345E+01
 -4.609310E+02 -3.441225E+01
 -4.620373E+02 -3.632836E+01
 -4.661659E+02 -4.347938E+01
 -4.655359E+02 -4.238806E+01
 -4.690344E+02 -4.844776E+01
 -4.696194E+02 -4.946094E+01
 -4.714666E+02 -5.266031E+01
 -4.725330E+02 -5.450746E+01
 -4.765131E+02 -6.140114E+01
 -4.760316E+02 -6.056716E+01
 -4.795302E+02 -6.662687E+01
 -4.768084E+02 -7.381591E+01
 -4.787873E+02 -7.268657E+01
 -4.729391E+02 -7.600631E+01
 -4.696194E+02 -7.786690E+01
 -4.680396E+02 -7.874627E+01
 -4.622207E+02 -8.195200E+01
 -4.590149E+02 -8.369582E+01
 -4.569589E+02 -8.480597E+01
 -4.513869E+02 -8.778240E+01
 -4.484104E+02 -8.935316E+01
 -4.455204E+02 -9.086567E+01
 -4.404365E+02 -9.349619E+01
 -4.378060E+02 -9.484230E+01
 -4.297895E+02 -9.888216E+01
 -4.336956E+02 -9.692537E+01
 -4.293681E+02 -9.909195E+01
 -4.272015E+02 -1.001664E+02
 -4.208486E+02 -1.032782E+02
 -4.214522E+02 -1.029851E+02
 -4.181801E+02 -1.045682E+02
 -4.165970E+02 -1.053286E+02
 -4.121238E+02 -1.074583E+02
 -4.087525E+02 -1.090448E+02
 -4.068710E+02 -1.099232E+02
 -4.059925E+02 -1.103317E+02
 -4.035973E+02 -1.114401E+02
 -3.955525E+02 -1.151045E+02
 -3.954391E+02 -1.151555E+02
 -3.764241E+02 -1.234640E+02
 -3.764626E+02 -1.234476E+02
 -3.741791E+02 -1.244129E+02
 -3.686017E+02 -1.267416E+02
 -3.674341E+02 -1.272239E+02
 -3.646979E+02 -1.283471E+02
 -3.635746E+02 -1.288054E+02
 -3.609143E+02 -1.298842E+02
 -3.529701E+02 -1.330510E+02
 -3.523786E+02 -1.332836E+02
 -3.451653E+02 -1.360832E+02
 -3.423657E+02 -1.371519E+02
 -3.361663E+02 -1.394829E+02
 -3.365414E+02 -1.393433E+02
 -3.330532E+02 -1.406352E+02
 -3.317612E+02 -1.411099E+02
 -3.289799E+02 -1.421245E+02
 -3.211567E+02 -1.449269E+02
 -3.125919E+02 -1.479081E+02
 -3.198063E+02 -1.454030E+02
 -3.129385E+02 -1.477892E+02
 -3.105522E+02 -1.486048E+02
 -3.057203E+02 -1.502349E+02
 -3.020242E+02 -1.514627E+02
 -3.004618E+02 -1.519767E+02
 -2.999478E+02 -1.521452E+02
 -2.989340E+02 -1.524765E+02
 -2.893433E+02 -1.555496E+02
 -2.834104E+02 -1.573955E+02
 -2.829977E+02 -1.575224E+02
 -2.797346E+02 -1.585182E+02
 -2.787388E+02 -1.588196E+02
 -2.768830E+02 -1.593782E+02
 -2.681343E+02 -1.619566E+02
 -2.619242E+02 -1.637325E+02
 -2.624564E+02 -1.635821E+02
 -2.586097E+02 -1.646620E+02
 -2.575299E+02 -1.649620E+02
 -2.556235E+02 -1.654884E+02
 -2.469254E+02 -1.678370E+02
 -2.411622E+02 -1.693452E+02
 -2.400116E+02 -1.696418E+02
 -2.370718E+02 -1.703927E+02
 -2.363209E+02 -1.705829E+02
 -2.350625E+02 -1.709002E+02
 -2.257164E+02 -1.732007E+02
 -2.210446E+02 -1.743136E+02
 -2.151119E+02 -1.756915E+02
 -2.073102E+02 -1.774435E+02
 -2.150683E+02 -1.757015E+02
 -2.064406E+02 -1.776346E+02
 -2.045075E+02 -1.780564E+02
 -2.015060E+02 -1.787030E+02
 -1.939030E+02 -1.802963E+02
 -1.881438E+02 -1.814606E+02
 -1.866272E+02 -1.817612E+02
 -1.838436E+02 -1.823063E+02
 -1.832985E+02 -1.824120E+02
 -1.824918E+02 -1.825679E+02
 -1.726940E+02 -1.844045E+02
 -1.694692E+02 -1.849860E+02
 -1.620896E+02 -1.862744E+02
 -1.566673E+02 -1.871834E+02
 -1.527469E+02 -1.878209E+02
 -1.516590E+02 -1.879948E+02
 -1.514851E+02 -1.880225E+02
 -1.512453E+02 -1.880607E+02
 -1.408806E+02 -1.896496E+02
 -1.387378E+02 -1.899637E+02
 -1.302761E+02 -1.911561E+02
 -1.264233E+02 -1.916737E+02
 -1.196716E+02 -1.925427E+02
 -1.142922E+02 -1.932004E+02
 -1.090672E+02 -1.938098E+02
 -1.023356E+02 -1.945525E+02
 -1.084439E+02 -1.938806E+02
 -9.943935E+01 -1.948573E+02
 -9.846269E+01 -1.949580E+02
 -9.726279E+01 -1.950805E+02
 -8.785821E+01 -1.959878E+02
 -8.554187E+01 -1.961969E+02
 -7.725373E+01 -1.968993E+02
 -7.397718E+01 -1.971571E+02
 -6.664925E+01 -1.976931E+02
 -6.256221E+01 -1.979676E+02
 -5.604478E+01 -1.983694E+02
 -5.129092E+01 -1.986345E+02
 -4.544030E+01 -1.989284E+02
 -4.015774E+01 -1.991632E+02
 -3.483582E+01 -1.993703E+02
 -2.915750E+01 -1.995589E+02
 -2.423134E+01 -1.996954E+02
 -1.828539E+01 -1.998266E+02
 -1.362687E+01 -1.999037E+02
 -7.536928E+00 -1.999705E+02
 -1.072820E+01 -1.999403E+02

w:310/ x(   0.5000000E+03) y(  -0.1250000E+03) ix(2) iy(2) s(   0.7000E+00)

hb:   line clip z   cb(yellowgreen)
clip:
  7.522388E+00 -2.000000E+02
  1.000000E+03 -1.999403E+02
  1.000000E+03 -1.937388E+02
  1.000000E+03 -1.938806E+02
  1.000000E+03 -1.876791E+02
  1.000000E+03 -1.878209E+02
  1.000000E+03 -1.816194E+02
  1.000000E+03 -1.817612E+02
  1.000000E+03 -1.755597E+02
  1.000000E+03 -1.757015E+02
  1.000000E+03 -1.695000E+02
  1.000000E+03 -1.696418E+02
  1.000000E+03 -1.634403E+02
  1.000000E+03 -1.635821E+02
  1.000000E+03 -1.573806E+02
  1.000000E+03 -1.575224E+02
  1.000000E+03 -1.513209E+02
  1.000000E+03 -1.514627E+02
  1.000000E+03 -1.452612E+02
  1.000000E+03 -1.454030E+02
  1.000000E+03 -1.392015E+02
  1.000000E+03 -1.393433E+02
  1.000000E+03 -1.331418E+02
  1.000000E+03 -1.332836E+02
  1.000000E+03 -1.270821E+02
  1.000000E+03 -1.272239E+02
  1.000000E+03 -1.210224E+02
  1.000000E+03 -1.211642E+02
  1.000000E+03 -1.149627E+02
  1.000000E+03 -1.151045E+02
  1.000000E+03 -1.089030E+02
  1.000000E+03 -1.090448E+02
  1.000000E+03 -1.028433E+02
  1.000000E+03 -1.029851E+02
  1.000000E+03 -9.678358E+01
  1.000000E+03 -9.692537E+01
  1.000000E+03 -9.072388E+01
  1.000000E+03 -9.086567E+01
  1.000000E+03 -8.466418E+01
  1.000000E+03 -8.480597E+01
  1.000000E+03 -7.860448E+01
  1.000000E+03 -7.874627E+01
  1.000000E+03 -7.254478E+01
  1.000000E+03 -7.268657E+01
  1.000000E+03 -6.648507E+01
  1.000000E+03 -6.662687E+01
  1.000000E+03 -6.042537E+01
  1.000000E+03 -6.056716E+01
  1.000000E+03 -5.436567E+01
  1.000000E+03 -5.450746E+01
  9.983060E+02 -5.000000E+01
  9.937985E+02 -5.000000E+01
  9.892910E+02 -5.000000E+01
  9.831940E+02 -5.000000E+01
  9.786866E+02 -5.000000E+01
  9.725896E+02 -5.000000E+01
  9.680821E+02 -5.000000E+01
  9.619851E+02 -5.000000E+01
  9.574776E+02 -5.000000E+01
  9.513806E+02 -5.000000E+01
  9.468731E+02 -5.000000E+01
  9.407761E+02 -5.000000E+01
  9.362687E+02 -5.000000E+01
  9.301716E+02 -5.000000E+01
  9.256642E+02 -5.000000E+01
  9.195672E+02 -5.000000E+01
  9.150597E+02 -5.000000E+01
  9.089627E+02 -5.000000E+01
  9.044552E+02 -5.000000E+01
  8.983582E+02 -5.000000E+01
  8.938507E+02 -5.000000E+01
  8.877537E+02 -5.000000E+01
  8.832463E+02 -5.000000E+01
  8.771493E+02 -5.000000E+01
  8.726418E+02 -5.000000E+01
  8.665448E+02 -5.000000E+01
  8.620373E+02 -5.000000E+01
  8.559403E+02 -5.000000E+01
  8.514328E+02 -5.000000E+01
  8.453358E+02 -5.000000E+01
  8.408284E+02 -5.000000E+01
  8.347313E+02 -5.000000E+01
  8.302239E+02 -5.000000E+01
  8.241269E+02 -5.000000E+01
  8.196194E+02 -5.000000E+01
  8.135224E+02 -5.000000E+01
  8.090149E+02 -5.000000E+01
  8.029179E+02 -5.000000E+01
  7.984104E+02 -5.000000E+01
  7.923134E+02 -5.000000E+01
  7.878060E+02 -5.000000E+01
  7.817090E+02 -5.000000E+01
  7.772015E+02 -5.000000E+01
  7.711045E+02 -5.000000E+01
  7.665970E+02 -5.000000E+01
  7.605000E+02 -5.000000E+01
  7.559925E+02 -5.000000E+01
  7.498955E+02 -5.000000E+01
  7.453881E+02 -5.000000E+01
  7.392910E+02 -5.000000E+01
  7.347836E+02 -5.000000E+01
  7.286866E+02 -5.000000E+01
  7.241791E+02 -5.000000E+01
  7.180821E+02 -5.000000E+01
  7.135746E+02 -5.000000E+01
  7.074776E+02 -5.000000E+01
  7.029701E+02 -5.000000E+01
  6.968731E+02 -5.000000E+01
  6.923657E+02 -5.000000E+01
  6.862687E+02 -5.000000E+01
  6.817612E+02 -5.000000E+01
  6.756642E+02 -5.000000E+01
  6.711567E+02 -5.000000E+01
  6.650597E+02 -5.000000E+01
  6.605522E+02 -5.000000E+01
  6.544552E+02 -5.000000E+01
  6.499478E+02 -5.000000E+01
  6.438507E+02 -5.000000E+01
  6.393433E+02 -5.000000E+01
  6.332463E+02 -5.000000E+01
  6.287388E+02 -5.000000E+01
  6.226418E+02 -5.000000E+01
  6.181343E+02 -5.000000E+01
  6.120373E+02 -5.000000E+01
  6.075299E+02 -5.000000E+01
  6.014328E+02 -5.000000E+01
  5.969254E+02 -5.000000E+01
  5.908284E+02 -5.000000E+01
  5.863209E+02 -5.000000E+01
  5.802239E+02 -5.000000E+01
  5.757164E+02 -5.000000E+01
  5.696194E+02 -5.000000E+01
  5.651119E+02 -5.000000E+01
  5.590149E+02 -5.000000E+01
  5.545075E+02 -5.000000E+01
  5.484104E+02 -5.000000E+01
  5.439030E+02 -5.000000E+01
  5.378060E+02 -5.000000E+01
  5.332985E+02 -5.000000E+01
  5.272015E+02 -5.000000E+01
  5.226940E+02 -5.000000E+01
  5.165970E+02 -5.000000E+01
  5.120896E+02 -5.000000E+01
  5.059925E+02 -5.000000E+01
  5.014851E+02 -5.000000E+01
  4.953881E+02 -5.000000E+01
  4.908806E+02 -5.000000E+01
  4.847836E+02 -5.000000E+01
  4.802761E+02 -5.000000E+01
  4.741791E+02 -5.000000E+01
  4.696716E+02 -5.000000E+01
  4.635746E+02 -5.000000E+01
  4.590672E+02 -5.000000E+01
  4.529701E+02 -5.000000E+01
  4.484627E+02 -5.000000E+01
  4.423657E+02 -5.000000E+01
  4.378582E+02 -5.000000E+01
  4.317612E+02 -5.000000E+01
  4.272537E+02 -5.000000E+01
  4.211567E+02 -5.000000E+01
  4.166493E+02 -5.000000E+01
  4.105522E+02 -5.000000E+01
  4.060448E+02 -5.000000E+01
  3.999478E+02 -5.000000E+01
  3.954403E+02 -5.000000E+01
  3.893433E+02 -5.000000E+01
  3.848358E+02 -5.000000E+01
  3.787388E+02 -5.000000E+01
  3.742313E+02 -5.000000E+01
  3.681343E+02 -5.000000E+01
  3.636269E+02 -5.000000E+01
  3.575299E+02 -5.000000E+01
  3.530224E+02 -5.000000E+01
  3.469254E+02 -5.000000E+01
  3.424179E+02 -5.000000E+01
  3.363209E+02 -5.000000E+01
  3.318134E+02 -5.000000E+01
  3.257164E+02 -5.000000E+01
  3.212090E+02 -5.000000E+01
  3.151119E+02 -5.000000E+01
  3.106045E+02 -5.000000E+01
  3.045075E+02 -5.000000E+01
  3.000000E+02 -5.000000E+01
  2.939030E+02 -5.000000E+01
  2.893955E+02 -5.000000E+01
  2.832985E+02 -5.000000E+01
  2.787910E+02 -5.000000E+01
  2.726940E+02 -5.000000E+01
  2.681866E+02 -5.000000E+01
  2.620896E+02 -5.000000E+01
  2.575821E+02 -5.000000E+01
  2.514851E+02 -5.000000E+01
  2.469776E+02 -5.000000E+01
  2.408806E+02 -5.000000E+01
  2.363731E+02 -5.000000E+01
  2.302761E+02 -5.000000E+01
  2.257687E+02 -5.000000E+01
  2.196716E+02 -5.000000E+01
  2.151642E+02 -5.000000E+01
  2.090672E+02 -5.000000E+01
  2.045597E+02 -5.000000E+01
  1.984627E+02 -5.000000E+01
  1.939552E+02 -5.000000E+01
  1.878582E+02 -5.000000E+01
  1.833507E+02 -5.000000E+01
  1.772537E+02 -5.000000E+01
  1.727463E+02 -5.000000E+01
  1.666493E+02 -5.000000E+01
  1.621418E+02 -5.000000E+01
  1.560448E+02 -5.000000E+01
  1.515373E+02 -5.000000E+01
  1.454403E+02 -5.000000E+01
  1.409328E+02 -5.000000E+01
  1.348358E+02 -5.000000E+01
  1.303284E+02 -5.000000E+01
  1.242313E+02 -5.000000E+01
  1.197239E+02 -5.000000E+01
  1.136269E+02 -5.000000E+01
  1.091194E+02 -5.000000E+01
  1.030224E+02 -5.000000E+01
  9.851493E+01 -5.000000E+01
  9.241791E+01 -5.000000E+01
  8.791045E+01 -5.000000E+01
  8.181343E+01 -5.000000E+01
  7.730597E+01 -5.000000E+01
  7.120896E+01 -5.000000E+01
  6.670149E+01 -5.000000E+01
  6.060448E+01 -5.000000E+01
  5.609701E+01 -5.000000E+01
  5.000000E+01 -5.000000E+01
  4.549254E+01 -5.000000E+01
  3.939552E+01 -5.000000E+01
  3.488806E+01 -5.000000E+01
  2.879104E+01 -5.000000E+01
  2.428358E+01 -5.000000E+01
  1.818657E+01 -5.000000E+01
  1.367910E+01 -5.000000E+01
  7.582090E+00 -5.000000E+01
  3.074627E+00 -5.000000E+01
  0.000000E+00 -5.450746E+01
  0.000000E+00 -6.208955E+01
 -1.136868E-13 -6.056716E+01
  0.000000E+00 -6.814925E+01
  0.000000E+00 -6.662687E+01
  0.000000E+00 -7.420896E+01
  0.000000E+00 -7.268657E+01
  0.000000E+00 -8.026866E+01
  0.000000E+00 -7.874627E+01
  0.000000E+00 -8.632836E+01
  0.000000E+00 -8.480597E+01
  0.000000E+00 -9.238806E+01
  0.000000E+00 -9.086567E+01
  0.000000E+00 -9.844776E+01
  0.000000E+00 -9.692537E+01
  0.000000E+00 -1.045075E+02
  0.000000E+00 -1.029851E+02
  0.000000E+00 -1.105672E+02
  0.000000E+00 -1.090448E+02
  0.000000E+00 -1.166269E+02
  0.000000E+00 -1.151045E+02
  0.000000E+00 -1.226866E+02
  0.000000E+00 -1.211642E+02
  0.000000E+00 -1.287463E+02
  0.000000E+00 -1.272239E+02
 -1.136868E-13 -1.348060E+02
  0.000000E+00 -1.332836E+02
  0.000000E+00 -1.408657E+02
  0.000000E+00 -1.393433E+02
  0.000000E+00 -1.469254E+02
 -1.136868E-13 -1.454030E+02
  0.000000E+00 -1.529851E+02
  1.136868E-13 -1.514627E+02
  0.000000E+00 -1.590448E+02
  0.000000E+00 -1.575224E+02
  0.000000E+00 -1.651045E+02
  0.000000E+00 -1.635821E+02
  0.000000E+00 -1.711642E+02
  0.000000E+00 -1.696418E+02
  0.000000E+00 -1.772239E+02
  0.000000E+00 -1.757015E+02
  0.000000E+00 -1.832836E+02
  0.000000E+00 -1.817612E+02
  0.000000E+00 -1.893433E+02
  0.000000E+00 -1.878209E+02
  0.000000E+00 -1.954030E+02
  1.462687E+00 -2.000000E+02
  0.000000E+00 -1.999403E+02

w:101/ x(  -0.6608305E+03) y(   0.1188645E+03) ix(2) iy(2) s(   0.7000E+00)

hb:   line clip z   cb(yellowgreen)
clip:
 -4.835449E+02 -6.994785E+01
 -4.802239E+02 -6.782843E+01
 -4.185691E+02  3.896071E+01
 -4.082220E+02  5.688247E+01
 -4.102334E+02  6.093081E+01
 -8.310408E+02  3.038841E+02
 -8.407761E+02  3.076768E+02
 -8.424825E+02  3.047213E+02
 -8.434676E+02  3.030149E+02
 -8.471443E+02  2.966467E+02
 -8.469662E+02  2.969552E+02
 -8.504648E+02  2.908955E+02
 -8.513806E+02  2.893093E+02
 -8.530180E+02  2.864732E+02
 -8.539633E+02  2.848358E+02
 -8.574915E+02  2.787250E+02
 -8.574619E+02  2.787761E+02
 -8.609605E+02  2.727164E+02
 -8.619851E+02  2.709418E+02
 -8.635535E+02  2.682252E+02
 -8.644591E+02  2.666567E+02
 -8.678386E+02  2.608032E+02
 -8.679576E+02  2.605970E+02
 -8.714562E+02  2.545373E+02
 -8.725896E+02  2.525743E+02
 -8.740890E+02  2.499771E+02
 -8.749548E+02  2.484776E+02
 -8.781857E+02  2.428814E+02
 -8.784533E+02  2.424179E+02
 -8.819519E+02  2.363582E+02
 -8.831940E+02  2.342068E+02
 -8.846246E+02  2.317290E+02
 -8.854505E+02  2.302985E+02
 -8.885328E+02  2.249597E+02
 -8.889491E+02  2.242388E+02
 -8.924476E+02  2.181791E+02
 -8.937985E+02  2.158393E+02
 -8.951601E+02  2.134810E+02
 -8.959462E+02  2.121194E+02
 -8.988800E+02  2.070379E+02
 -8.994448E+02  2.060597E+02
 -9.029433E+02  2.000000E+02
 -9.044030E+02  1.974718E+02
 -9.056956E+02  1.952329E+02
 -9.064419E+02  1.939403E+02
 -9.092271E+02  1.891162E+02
 -9.099405E+02  1.878806E+02
 -9.134390E+02  1.818209E+02
 -9.099732E+02  1.762507E+02
 -9.091254E+02  1.757612E+02
 -9.061315E+02  1.740327E+02
 -9.044030E+02  1.730347E+02
 -8.871990E+02  1.631019E+02
 -8.764459E+02  1.568937E+02
 -8.656928E+02  1.506854E+02
 -8.549398E+02  1.444771E+02
 -8.441867E+02  1.382688E+02
 -8.334337E+02  1.320605E+02
 -8.226806E+02  1.258523E+02
 -8.119276E+02  1.196440E+02
 -8.011745E+02  1.134357E+02
 -7.904215E+02  1.072274E+02
 -7.796684E+02  1.010191E+02
 -7.689153E+02  9.481087E+01
 -7.581623E+02  8.860259E+01
 -7.582262E+02  8.863948E+01
 -7.559403E+02  8.731972E+01
 -7.474092E+02  8.239431E+01
 -7.516898E+02  8.486567E+01
 -7.476615E+02  8.253997E+01
 -7.453358E+02  8.119722E+01
 -7.411940E+02  7.880597E+01
 -7.370969E+02  7.644046E+01
 -7.347313E+02  7.507473E+01
 -7.306983E+02  7.274627E+01
 -7.265322E+02  7.034094E+01
 -7.241269E+02  6.895223E+01
 -7.202026E+02  6.668657E+01
 -7.159675E+02  6.424143E+01
 -7.135224E+02  6.282973E+01
 -7.097069E+02  6.062687E+01
 -7.054029E+02  5.814192E+01
 -7.029179E+02  5.670723E+01
 -6.992112E+02  5.456716E+01
 -6.948382E+02  5.204240E+01
 -6.923134E+02  5.058473E+01
 -6.887155E+02  4.850746E+01
 -6.842735E+02  4.594289E+01
 -6.817090E+02  4.446224E+01
 -6.782198E+02  4.244776E+01
 -6.737089E+02  3.984338E+01
 -6.711045E+02  3.833974E+01
 -6.677241E+02  3.638806E+01
 -6.631442E+02  3.374387E+01
 -6.605000E+02  3.221724E+01
 -6.572284E+02  3.032836E+01
 -6.525795E+02  2.764435E+01
 -6.498955E+02  2.609474E+01
 -6.467327E+02  2.426866E+01
 -6.420149E+02  2.154484E+01
 -6.392910E+02  1.997224E+01
 -6.362369E+02  1.820896E+01
 -6.314502E+02  1.544533E+01
 -6.286866E+02  1.384975E+01
 -6.257412E+02  1.214925E+01
 -6.208855E+02  9.345814E+00
 -6.180821E+02  7.727247E+00
 -6.152455E+02  6.089552E+00
 -6.103209E+02  3.246301E+00
 -6.074776E+02  1.604749E+00
 -6.047498E+02  2.985075E-02
 -5.997562E+02 -2.853212E+00
 -5.968731E+02 -4.517749E+00
 -5.942541E+02 -6.029851E+00
 -5.891915E+02 -8.952725E+00
 -5.862687E+02 -1.064025E+01
 -5.837584E+02 -1.208955E+01
 -5.786269E+02 -1.505224E+01
 -5.756642E+02 -1.676274E+01
 -5.732627E+02 -1.814925E+01
 -5.680622E+02 -2.115175E+01
 -5.650597E+02 -2.288524E+01
 -5.627670E+02 -2.420896E+01
 -5.574975E+02 -2.725126E+01
 -5.544552E+02 -2.900774E+01
 -5.522713E+02 -3.026866E+01
 -5.469329E+02 -3.335078E+01
 -5.438507E+02 -3.513024E+01
 -5.417755E+02 -3.632836E+01
 -5.363682E+02 -3.945029E+01
 -5.332463E+02 -4.125274E+01
 -5.312798E+02 -4.238806E+01
 -5.258035E+02 -4.554980E+01
 -5.226418E+02 -4.737523E+01
 -5.207841E+02 -4.844776E+01
 -5.152389E+02 -5.164931E+01
 -5.120373E+02 -5.349773E+01
 -5.102884E+02 -5.450746E+01
 -5.046742E+02 -5.774883E+01
 -5.014328E+02 -5.962023E+01
 -4.997927E+02 -6.056716E+01
 -4.941095E+02 -6.384834E+01
 -4.908284E+02 -6.574273E+01
 -4.892970E+02 -6.662687E+01

w:200/ x(  -0.2030763E+03) y(   0.4711399E+02) ix(2) iy(2) s(   0.7000E+00)

h: x ny1,0  y2=[y1](void),ic[lightgray]
 -1.000000E+00 -1.000000E+00

hb:   line clip z   cb(lightgray)
clip:
 -4.570812E+01 -4.871559E+01
 -2.300425E+01 -4.967485E+01
 -1.471479E+00 -4.999867E+01
  0.000000E+00 -4.844776E+01
  1.136868E-13 -4.542537E+01
  0.000000E+00 -4.238806E+01
 -1.136868E-13 -3.936567E+01
  0.000000E+00 -3.632836E+01
 -1.136868E-13 -3.330597E+01
  0.000000E+00 -3.026866E+01
 -1.136868E-13 -2.724627E+01
  0.000000E+00 -2.420896E+01
  1.136868E-13 -2.118657E+01
  0.000000E+00 -1.814925E+01
  1.136868E-13 -1.512687E+01
  0.000000E+00 -1.208955E+01
  1.136868E-13 -9.067164E+00
  0.000000E+00 -6.029851E+00
  1.136868E-13 -3.007463E+00
 -1.136868E-13  2.985075E-02
 -1.136868E-13  3.052239E+00
  0.000000E+00  6.089552E+00
  0.000000E+00  9.111940E+00
  0.000000E+00  1.214925E+01
 -1.136868E-13  1.517164E+01
  0.000000E+00  1.820896E+01
  1.136868E-13  2.123134E+01
  0.000000E+00  2.426866E+01
  0.000000E+00  2.729104E+01
  1.136868E-13  3.032836E+01
  0.000000E+00  3.335075E+01
  0.000000E+00  3.638806E+01
  1.136868E-13  3.941045E+01
 -1.136868E-13  4.244776E+01
  0.000000E+00  4.547015E+01
  0.000000E+00  4.850746E+01
 -1.528215E+00  5.000164E+01
 -3.022388E+00  5.000640E+01
 -4.529293E+00  5.001437E+01
 -1.362687E+01  5.013006E+01
 -1.528300E+01  5.016360E+01
 -2.423134E+01  5.041133E+01
 -2.620496E+01  5.048108E+01
 -3.483582E+01  5.085039E+01
 -3.730358E+01  5.097522E+01
 -4.544030E+01  5.144753E+01
 -4.858811E+01  5.165527E+01
 -5.604478E+01  5.220316E+01
 -6.006879E+01  5.253148E+01
 -6.664925E+01  5.311778E+01
 -7.175702E+01  5.361523E+01
 -7.725373E+01  5.419201E+01
 -8.884004E+01  5.554900E+01
 -1.010884E+02  5.719286E+01
 -1.196716E+02  6.010117E+01
 -1.263790E+02  6.127454E+01
 -1.451683E+02  6.491453E+01
 -1.587260E+02  6.786780E+01
 -1.726940E+02  7.120105E+01
 -1.849148E+02  7.436258E+01
 -2.036516E+02  7.966186E+01
 -2.215522E+02  8.524626E+01
 -2.363209E+02  9.024641E+01
 -2.446994E+02  9.324422E+01
 -2.446314E+02  9.321939E+01
 -2.469254E+02  9.406052E+01
 -2.519245E+02  9.592450E+01
 -2.547191E+02  9.698507E+01
 -2.567505E+02  9.776444E+01
 -2.575299E+02  9.806534E+01
 -2.592958E+02  9.875102E+01
 -2.681343E+02  1.022643E+02
 -2.700523E+02  1.030448E+02
 -2.761953E+02  1.055883E+02
 -2.787388E+02  1.066612E+02
 -2.850811E+02  1.093871E+02
 -2.844314E+02  1.091045E+02
 -2.878484E+02  1.105993E+02
 -2.893433E+02  1.112600E+02
 -2.932403E+02  1.130015E+02
 -2.979945E+02  1.151642E+02
 -2.993318E+02  1.157801E+02
 -2.999478E+02  1.160649E+02
 -3.016299E+02  1.168463E+02
 -3.105522E+02  1.210806E+02
 -3.108486E+02  1.212239E+02
 -3.177653E+02  1.246153E+02
 -3.211567E+02  1.263122E+02
 -3.230782E+02  1.272836E+02
 -3.288165E+02  1.302282E+02
 -3.317612E+02  1.317648E+02
 -3.347517E+02  1.333433E+02
 -3.397090E+02  1.359999E+02
 -3.423657E+02  1.374444E+02
 -3.459256E+02  1.394030E+02
 -3.504453E+02  1.419279E+02
 -3.529701E+02  1.433571E+02
 -3.577938E+02  1.442267E+02
 -3.605788E+02  1.394030E+02
 -3.635746E+02  1.342140E+02
 -3.638933E+02  1.336620E+02
 -3.640773E+02  1.333433E+02
 -3.647640E+02  1.321539E+02
 -3.675759E+02  1.272836E+02
 -3.710745E+02  1.212239E+02
 -3.741791E+02  1.158465E+02
 -3.744289E+02  1.154139E+02
 -3.745730E+02  1.151642E+02
 -3.751112E+02  1.142321E+02
 -3.780716E+02  1.091045E+02
 -3.815702E+02  1.030448E+02
 -3.847836E+02  9.747901E+01
 -3.849644E+02  9.716587E+01
 -3.850688E+02  9.698507E+01
 -3.854583E+02  9.631034E+01
 -3.885673E+02  9.092537E+01
 -3.920659E+02  8.486567E+01
 -3.953881E+02  7.911152E+01
 -3.954999E+02  7.891781E+01
 -3.955645E+02  7.880597E+01
 -3.958054E+02  7.838858E+01
 -3.990630E+02  7.274627E+01
 -4.025616E+02  6.668657E+01
 -4.059925E+02  6.074402E+01
 -4.060354E+02  6.066975E+01
 -4.060602E+02  6.062687E+01
 -4.061526E+02  6.046682E+01
 -4.059925E+02  5.848327E+01
 -4.009981E+02  5.563240E+01
 -3.991106E+02  5.456716E+01
 -3.967250E+02  5.323023E+01
 -3.953881E+02  5.248560E+01
 -3.907470E+02  4.992609E+01
 -3.881435E+02  4.850746E+01
 -3.859625E+02  4.732854E+01
 -3.847836E+02  4.669483E+01
 -3.809022E+02  4.462604E+01
 -3.767598E+02  4.244776E+01
 -3.750628E+02  4.156411E+01
 -3.741791E+02  4.110599E+01
 -3.714113E+02  3.967992E+01
 -3.649207E+02  3.638806E+01
 -3.640238E+02  3.593888E+01
 -3.635746E+02  3.571445E+01
 -3.622325E+02  3.504592E+01
 -3.529701E+02  3.051584E+01
 -3.525803E+02  3.032836E+01
 -3.456543E+02  2.703973E+01
 -3.423657E+02  2.550609E+01
 -3.396839E+02  2.426866E+01
 -3.342380E+02  2.179188E+01
 -3.317612E+02  2.068139E+01
 -3.253416E+02  1.784908E+01
 -3.261657E+02  1.820896E+01
 -3.226741E+02  1.669156E+01
 -3.211567E+02  1.603815E+01
 -3.173721E+02  1.442431E+01
 -3.119446E+02  1.214925E+01
 -3.109600E+02  1.174146E+01
 -3.105522E+02  1.157301E+01
 -3.095722E+02  1.116924E+01
 -2.999478E+02  7.282818E+00
 -2.919657E+02  4.167151E+00
 -2.969199E+02  6.089552E+00
 -2.914599E+02  3.972977E+00
 -2.893433E+02  3.164617E+00
 -2.846499E+02  1.396120E+00
 -2.809626E+02  2.985075E-02
 -2.793353E+02 -5.666790E-01
 -2.787388E+02 -7.843742E-01
 -2.774595E+02 -1.249466E+00
 -2.681343E+02 -4.566763E+00
 -2.611294E+02 -6.975101E+00
 -2.639035E+02 -6.029851E+00
 -2.591446E+02 -7.644562E+00
 -2.575299E+02 -8.184997E+00
 -2.543074E+02 -9.252339E+00
 -2.469254E+02 -1.164138E+01
 -2.387620E+02 -1.419321E+01
 -2.455132E+02 -1.208955E+01
 -2.385038E+02 -1.427241E+01
 -2.363209E+02 -1.493805E+01
 -2.322484E+02 -1.616209E+01
 -2.257164E+02 -1.807705E+01
 -2.173672E+02 -2.043876E+01
 -2.254661E+02 -1.814925E+01
 -2.173940E+02 -2.043133E+01
 -2.151119E+02 -2.106025E+01
 -2.111172E+02 -2.214401E+01
 -2.045075E+02 -2.388943E+01
 -1.968089E+02 -2.584779E+01
 -2.032726E+02 -2.420896E+01
 -1.957940E+02 -2.610000E+01
 -1.939030E+02 -2.656625E+01
 -1.907882E+02 -2.732378E+01
 -1.832985E+02 -2.909224E+01
 -1.769816E+02 -3.052584E+01
 -1.781322E+02 -3.026866E+01
 -1.736796E+02 -3.125423E+01
 -1.726940E+02 -3.146885E+01
 -1.711630E+02 -3.179972E+01
 -1.620896E+02 -3.369740E+01
 -1.578014E+02 -3.455681E+01
 -1.514851E+02 -3.577914E+01
 -1.447233E+02 -3.703040E+01
 -1.485563E+02 -3.632836E+01
 -1.420594E+02 -3.750716E+01
 -1.408806E+02 -3.771521E+01
 -1.392003E+02 -3.800869E+01
 -1.302761E+02 -3.950666E+01
 -1.264936E+02 -4.011084E+01
 -1.196716E+02 -4.115446E+01
 -1.140267E+02 -4.197333E+01
 -1.110560E+02 -4.238806E+01
 -1.093062E+02 -4.262712E+01
 -1.090672E+02 -4.265949E+01
 -1.087534E+02 -4.270186E+01
 -9.846269E+01 -4.402254E+01
 -9.660385E+01 -4.424690E+01
 -8.785821E+01 -4.524434E+01
 -8.466120E+01 -4.558507E+01
 -7.725373E+01 -4.632552E+01
 -7.291425E+01 -4.672754E+01
 -6.664925E+01 -4.726665E+01
 -6.135292E+01 -4.768440E+01
 -5.604478E+01 -4.806820E+01
 -4.996805E+01 -4.846478E+01
 -5.024401E+01 -4.844776E+01

w:300/ x(   0.1500000E+03) y(   0.0000000E+00) ix(2) iy(2) s(   0.7000E+00)

hb:   line clip z   cb(lightgray)
clip:
  6.029851E+00 -5.000000E+01
  2.954552E+02 -5.000000E+01
  3.000000E+02 -4.844776E+01
  3.000000E+02 -4.235075E+01
  3.000000E+02 -4.238806E+01
  3.000000E+02 -3.629104E+01
  3.000000E+02 -3.632836E+01
  3.000000E+02 -3.023134E+01
  3.000000E+02 -3.026866E+01
  3.000000E+02 -2.417164E+01
  3.000000E+02 -2.420896E+01
  3.000000E+02 -1.811194E+01
  3.000000E+02 -1.814925E+01
  3.000000E+02 -1.205224E+01
  3.000000E+02 -1.208955E+01
  3.000000E+02 -5.992537E+00
  3.000000E+02 -6.029851E+00
  3.000000E+02  6.716418E-02
  3.000000E+02  2.985075E-02
  3.000000E+02  6.126866E+00
  3.000000E+02  6.089552E+00
  3.000000E+02  1.218657E+01
  3.000000E+02  1.214925E+01
  3.000000E+02  1.824627E+01
  3.000000E+02  1.820896E+01
  3.000000E+02  2.430597E+01
  3.000000E+02  2.426866E+01
  3.000000E+02  3.036567E+01
  3.000000E+02  3.032836E+01
  3.000000E+02  3.642537E+01
  3.000000E+02  3.638806E+01
  3.000000E+02  4.248507E+01
  3.000000E+02  4.244776E+01
  3.000000E+02  4.854478E+01
  3.000000E+02  4.850746E+01
  2.953955E+02  5.000000E+01
  2.939030E+02  5.000000E+01
  2.924104E+02  5.000000E+01
  2.832985E+02  5.000000E+01
  2.818060E+02  5.000000E+01
  2.726940E+02  5.000000E+01
  2.712015E+02  5.000000E+01
  2.620896E+02  5.000000E+01
  2.605970E+02  5.000000E+01
  2.514851E+02  5.000000E+01
  2.499925E+02  5.000000E+01
  2.408806E+02  5.000000E+01
  2.393881E+02  5.000000E+01
  2.302761E+02  5.000000E+01
  2.287836E+02  5.000000E+01
  2.196716E+02  5.000000E+01
  2.181791E+02  5.000000E+01
  2.090672E+02  5.000000E+01
  2.075746E+02  5.000000E+01
  1.984627E+02  5.000000E+01
  1.969701E+02  5.000000E+01
  1.878582E+02  5.000000E+01
  1.863657E+02  5.000000E+01
  1.772537E+02  5.000000E+01
  1.757612E+02  5.000000E+01
  1.666493E+02  5.000000E+01
  1.651567E+02  5.000000E+01
  1.560448E+02  5.000000E+01
  1.545522E+02  5.000000E+01
  1.454403E+02  5.000000E+01
  1.439478E+02  5.000000E+01
  1.348358E+02  5.000000E+01
  1.333433E+02  5.000000E+01
  1.242313E+02  5.000000E+01
  1.227388E+02  5.000000E+01
  1.136269E+02  5.000000E+01
  1.121343E+02  5.000000E+01
  1.030224E+02  5.000000E+01
  1.015299E+02  5.000000E+01
  9.241791E+01  5.000000E+01
  9.092537E+01  5.000000E+01
  8.181343E+01  5.000000E+01
  8.032090E+01  5.000000E+01
  7.120896E+01  5.000000E+01
  6.971642E+01  5.000000E+01
  6.060448E+01  5.000000E+01
  5.911194E+01  5.000000E+01
  5.000000E+01  5.000000E+01
  4.850746E+01  5.000000E+01
  3.939552E+01  5.000000E+01
  3.790299E+01  5.000000E+01
  2.879104E+01  5.000000E+01
  2.729851E+01  5.000000E+01
  1.818657E+01  5.000000E+01
  1.669403E+01  5.000000E+01
  7.582090E+00  5.000000E+01
  6.089552E+00  5.000000E+01
  0.000000E+00  4.850746E+01
  0.000000E+00  4.092537E+01
  0.000000E+00  4.244776E+01
  0.000000E+00  3.486567E+01
  0.000000E+00  3.638806E+01
  0.000000E+00  2.880597E+01
  0.000000E+00  3.032836E+01
  0.000000E+00  2.274627E+01
  0.000000E+00  2.426866E+01
  0.000000E+00  1.668657E+01
  0.000000E+00  1.820896E+01
  0.000000E+00  1.062687E+01
  0.000000E+00  1.214925E+01
  0.000000E+00  4.567164E+00
  0.000000E+00  6.089552E+00
  0.000000E+00 -1.492537E+00
  0.000000E+00  2.985075E-02
  0.000000E+00 -7.552239E+00
  0.000000E+00 -6.029851E+00
  0.000000E+00 -1.361194E+01
  0.000000E+00 -1.208955E+01
  0.000000E+00 -1.967164E+01
  0.000000E+00 -1.814925E+01
  0.000000E+00 -2.573134E+01
  0.000000E+00 -2.420896E+01
  0.000000E+00 -3.179104E+01
  0.000000E+00 -3.026866E+01
  0.000000E+00 -3.785075E+01
  0.000000E+00 -3.632836E+01
  0.000000E+00 -4.391045E+01
  0.000000E+00 -4.238806E+01
  0.000000E+00 -4.997015E+01
  0.000000E+00 -4.844776E+01

w:301/ x(   0.4000000E+03) y(  -0.2842171E-13) ix(2) iy(2) s(   0.7000E+00)

hb:   line clip z   cb(lightgray)
clip:
  3.029552E+02 -5.000000E+01
  4.969403E+02 -5.000000E+01
  5.000000E+02 -4.844776E+01
  5.000000E+02 -4.383582E+01
  5.000000E+02 -4.238806E+01
  5.000000E+02 -3.777612E+01
  5.000000E+02 -3.632836E+01
  5.000000E+02 -3.171642E+01
  5.000000E+02 -3.026866E+01
  5.000000E+02 -2.565672E+01
  5.000000E+02 -2.420896E+01
  5.000000E+02 -1.959701E+01
  5.000000E+02 -1.814925E+01
  5.000000E+02 -1.353731E+01
  5.000000E+02 -1.208955E+01
  5.000000E+02 -7.477612E+00
  5.000000E+02 -6.029851E+00
  5.000000E+02 -1.417910E+00
  5.000000E+02  2.985075E-02
  5.000000E+02  4.641791E+00
  5.000000E+02  6.089552E+00
  5.000000E+02  1.070149E+01
  5.000000E+02  1.214925E+01
  5.000000E+02  1.676119E+01
  5.000000E+02  1.820896E+01
  5.000000E+02  2.282090E+01
  5.000000E+02  2.426866E+01
  5.000000E+02  2.888060E+01
  5.000000E+02  3.032836E+01
  5.000000E+02  3.494030E+01
  5.000000E+02  3.638806E+01
  5.000000E+02  4.100000E+01
  5.000000E+02  4.244776E+01
  5.000000E+02  4.705970E+01
  5.000000E+02  4.850746E+01
  4.968806E+02  5.000000E+01
  4.953881E+02  5.000000E+01
  4.938955E+02  5.000000E+01
  4.847836E+02  5.000000E+01
  4.832910E+02  5.000000E+01
  4.741791E+02  5.000000E+01
  4.726866E+02  5.000000E+01
  4.635746E+02  5.000000E+01
  4.620821E+02  5.000000E+01
  4.529701E+02  5.000000E+01
  4.514776E+02  5.000000E+01
  4.423657E+02  5.000000E+01
  4.408731E+02  5.000000E+01
  4.317612E+02  5.000000E+01
  4.302687E+02  5.000000E+01
  4.211567E+02  5.000000E+01
  4.196642E+02  5.000000E+01
  4.105522E+02  5.000000E+01
  4.090597E+02  5.000000E+01
  3.999478E+02  5.000000E+01
  3.984552E+02  5.000000E+01
  3.893433E+02  5.000000E+01
  3.878507E+02  5.000000E+01
  3.787388E+02  5.000000E+01
  3.772463E+02  5.000000E+01
  3.681343E+02  5.000000E+01
  3.666418E+02  5.000000E+01
  3.575299E+02  5.000000E+01
  3.560373E+02  5.000000E+01
  3.469254E+02  5.000000E+01
  3.454328E+02  5.000000E+01
  3.363209E+02  5.000000E+01
  3.348284E+02  5.000000E+01
  3.257164E+02  5.000000E+01
  3.242239E+02  5.000000E+01
  3.151119E+02  5.000000E+01
  3.136194E+02  5.000000E+01
  3.045075E+02  5.000000E+01
  3.030149E+02  5.000000E+01
  3.000000E+02  4.850746E+01
  3.000000E+02  4.400000E+01
  3.000000E+02  4.244776E+01
  3.000000E+02  3.794030E+01
  3.000000E+02  3.638806E+01
  3.000000E+02  3.188060E+01
  3.000000E+02  3.032836E+01
  3.000000E+02  2.582090E+01
  3.000000E+02  2.426866E+01
  3.000000E+02  1.976119E+01
  3.000000E+02  1.820896E+01
  3.000000E+02  1.370149E+01
  3.000000E+02  1.214925E+01
  3.000000E+02  7.641791E+00
  3.000000E+02  6.089552E+00
  3.000000E+02  1.582090E+00
  3.000000E+02  2.985075E-02
  3.000000E+02 -4.477612E+00
  3.000000E+02 -6.029851E+00
  3.000000E+02 -1.053731E+01
  3.000000E+02 -1.208955E+01
  3.000000E+02 -1.659701E+01
  3.000000E+02 -1.814925E+01
  3.000000E+02 -2.265672E+01
  3.000000E+02 -2.420896E+01
  3.000000E+02 -2.871642E+01
  3.000000E+02 -3.026866E+01
  3.000000E+02 -3.477612E+01
  3.000000E+02 -3.632836E+01
  3.000000E+02 -4.083582E+01
  3.000000E+02 -4.238806E+01
  3.000000E+02 -4.689552E+01
  3.000000E+02 -4.844776E+01

w:302/ x(   0.5500000E+03) y(   0.2842171E-13) ix(2) iy(2) s(   0.7000E+00)

hb:   line clip z   cb(lightgray)
clip:
  5.044403E+02 -5.000000E+01
  5.923806E+02 -5.000000E+01
  6.000000E+02 -4.844776E+01
  6.000000E+02 -4.238806E+01
  6.000000E+02 -3.632836E+01
  6.000000E+02 -3.026866E+01
  6.000000E+02 -2.420896E+01
  6.000000E+02 -1.814925E+01
  6.000000E+02 -1.208955E+01
  6.000000E+02 -6.029851E+00
  6.000000E+02  2.985075E-02
  6.000000E+02  6.089552E+00
  6.000000E+02  1.214925E+01
  6.000000E+02  1.820896E+01
  6.000000E+02  2.426866E+01
  6.000000E+02  3.032836E+01
  6.000000E+02  3.638806E+01
  6.000000E+02  4.244776E+01
  6.000000E+02  4.850746E+01
  5.923209E+02  5.000000E+01
  5.908284E+02  5.000000E+01
  5.893358E+02  5.000000E+01
  5.802239E+02  5.000000E+01
  5.787313E+02  5.000000E+01
  5.696194E+02  5.000000E+01
  5.681269E+02  5.000000E+01
  5.590149E+02  5.000000E+01
  5.575224E+02  5.000000E+01
  5.484104E+02  5.000000E+01
  5.469179E+02  5.000000E+01
  5.378060E+02  5.000000E+01
  5.363134E+02  5.000000E+01
  5.272015E+02  5.000000E+01
  5.257090E+02  5.000000E+01
  5.165970E+02  5.000000E+01
  5.151045E+02  5.000000E+01
  5.059925E+02  5.000000E+01
  5.045000E+02  5.000000E+01
  5.000000E+02  4.850746E+01
  5.000000E+02  4.251493E+01
  5.000000E+02  4.244776E+01
  5.000000E+02  3.645522E+01
  5.000000E+02  3.638806E+01
  5.000000E+02  3.039552E+01
  5.000000E+02  3.032836E+01
  5.000000E+02  2.433582E+01
  5.000000E+02  2.426866E+01
  5.000000E+02  1.827612E+01
  5.000000E+02  1.820896E+01
  5.000000E+02  1.221642E+01
  5.000000E+02  1.214925E+01
  5.000000E+02  6.156716E+00
  5.000000E+02  6.089552E+00
  5.000000E+02  9.701493E-02
  5.000000E+02  2.985075E-02
  5.000000E+02 -5.962687E+00
  5.000000E+02 -6.029851E+00
  5.000000E+02 -1.202239E+01
  5.000000E+02 -1.208955E+01
  5.000000E+02 -1.808209E+01
  5.000000E+02 -1.814925E+01
  5.000000E+02 -2.414179E+01
  5.000000E+02 -2.420896E+01
  5.000000E+02 -3.020149E+01
  5.000000E+02 -3.026866E+01
  5.000000E+02 -3.626119E+01
  5.000000E+02 -3.632836E+01
  5.000000E+02 -4.232090E+01
  5.000000E+02 -4.238806E+01
  5.000000E+02 -4.838060E+01
  5.000000E+02 -4.844776E+01

w:303/ x(   0.7000000E+03) y(   0.2842171E-13) ix(2) iy(2) s(   0.7000E+00)

hb:   line clip z   cb(lightgray)
clip:
  6.000000E+02 -4.988060E+01
  6.014328E+02 -5.000000E+01
  6.029851E+02 -5.000000E+01
  6.120373E+02 -5.000000E+01
  6.135896E+02 -5.000000E+01
  6.226418E+02 -5.000000E+01
  6.241940E+02 -5.000000E+01
  6.332463E+02 -5.000000E+01
  6.347985E+02 -5.000000E+01
  6.438507E+02 -5.000000E+01
  6.454030E+02 -5.000000E+01
  6.544552E+02 -5.000000E+01
  6.560075E+02 -5.000000E+01
  6.650597E+02 -5.000000E+01
  6.666119E+02 -5.000000E+01
  6.756642E+02 -5.000000E+01
  6.772164E+02 -5.000000E+01
  6.862687E+02 -5.000000E+01
  6.878209E+02 -5.000000E+01
  6.968731E+02 -5.000000E+01
  6.984254E+02 -5.000000E+01
  7.074776E+02 -5.000000E+01
  7.090299E+02 -5.000000E+01
  7.180821E+02 -5.000000E+01
  7.196343E+02 -5.000000E+01
  7.286866E+02 -5.000000E+01
  7.302388E+02 -5.000000E+01
  7.392910E+02 -5.000000E+01
  7.408433E+02 -5.000000E+01
  7.498955E+02 -5.000000E+01
  7.514478E+02 -5.000000E+01
  7.605000E+02 -5.000000E+01
  7.620522E+02 -5.000000E+01
  7.711045E+02 -5.000000E+01
  7.726567E+02 -5.000000E+01
  7.817090E+02 -5.000000E+01
  7.832612E+02 -5.000000E+01
  7.923134E+02 -5.000000E+01
  7.938657E+02 -5.000000E+01
  8.000000E+02 -4.844776E+01
  8.000000E+02 -4.076119E+01
  8.000000E+02 -4.238806E+01
  8.000000E+02 -3.470149E+01
  8.000000E+02 -3.632836E+01
  8.000000E+02 -2.864179E+01
  8.000000E+02 -3.026866E+01
  8.000000E+02 -2.258209E+01
  8.000000E+02 -2.420896E+01
  8.000000E+02 -1.652239E+01
  8.000000E+02 -1.814925E+01
  8.000000E+02 -1.046269E+01
  8.000000E+02 -1.208955E+01
  8.000000E+02 -4.402985E+00
  8.000000E+02 -6.029851E+00
  8.000000E+02  1.656716E+00
  8.000000E+02  2.985075E-02
  8.000000E+02  7.716418E+00
  8.000000E+02  6.089552E+00
  8.000000E+02  1.377612E+01
  8.000000E+02  1.214925E+01
  8.000000E+02  1.983582E+01
  8.000000E+02  1.820896E+01
  8.000000E+02  2.589552E+01
  8.000000E+02  2.426866E+01
  8.000000E+02  3.195522E+01
  8.000000E+02  3.032836E+01
  8.000000E+02  3.801493E+01
  8.000000E+02  3.638806E+01
  8.000000E+02  4.407463E+01
  8.000000E+02  4.244776E+01
  7.998657E+02  5.000000E+01
  8.000000E+02  4.850746E+01
  7.938060E+02  5.000000E+01
  7.923134E+02  5.000000E+01
  7.908209E+02  5.000000E+01
  7.817090E+02  5.000000E+01
  7.802164E+02  5.000000E+01
  7.711045E+02  5.000000E+01
  7.696119E+02  5.000000E+01
  7.605000E+02  5.000000E+01
  7.590075E+02  5.000000E+01
  7.498955E+02  5.000000E+01
  7.484030E+02  5.000000E+01
  7.392910E+02  5.000000E+01
  7.377985E+02  5.000000E+01
  7.286866E+02  5.000000E+01
  7.271940E+02  5.000000E+01
  7.180821E+02  5.000000E+01
  7.165896E+02  5.000000E+01
  7.074776E+02  5.000000E+01
  7.059851E+02  5.000000E+01
  6.968731E+02  5.000000E+01
  6.953806E+02  5.000000E+01
  6.862687E+02  5.000000E+01
  6.847761E+02  5.000000E+01
  6.756642E+02  5.000000E+01
  6.741716E+02  5.000000E+01
  6.650597E+02  5.000000E+01
  6.635672E+02  5.000000E+01
  6.544552E+02  5.000000E+01
  6.529627E+02  5.000000E+01
  6.438507E+02  5.000000E+01
  6.423582E+02  5.000000E+01
  6.332463E+02  5.000000E+01
  6.317537E+02  5.000000E+01
  6.226418E+02  5.000000E+01
  6.211493E+02  5.000000E+01
  6.120373E+02  5.000000E+01
  6.105448E+02  5.000000E+01
  6.014328E+02  5.000000E+01
  6.000000E+02  4.994030E+01
  6.000000E+02  4.850746E+01
  6.000000E+02  4.707463E+01
  6.000000E+02  4.244776E+01
  6.000000E+02  4.101493E+01
  6.000000E+02  3.638806E+01
  6.000000E+02  3.495522E+01
  6.000000E+02  3.032836E+01
  6.000000E+02  2.889552E+01
  6.000000E+02  2.426866E+01
  6.000000E+02  2.283582E+01
  6.000000E+02  1.820896E+01
  6.000000E+02  1.677612E+01
  6.000000E+02  1.214925E+01
  6.000000E+02  1.071642E+01
  6.000000E+02  6.089552E+00
  6.000000E+02  4.656716E+00
  6.000000E+02  2.985075E-02
  6.000000E+02 -1.402985E+00
  6.000000E+02 -6.029851E+00
  6.000000E+02 -7.462687E+00
  6.000000E+02 -1.208955E+01
  6.000000E+02 -1.352239E+01
  6.000000E+02 -1.814925E+01
  6.000000E+02 -1.958209E+01
  6.000000E+02 -2.420896E+01
  6.000000E+02 -2.564179E+01
  6.000000E+02 -3.026866E+01
  6.000000E+02 -3.170149E+01
  6.000000E+02 -3.632836E+01
  6.000000E+02 -3.776119E+01
  6.000000E+02 -4.238806E+01
  6.000000E+02 -4.382090E+01
  6.000000E+02 -4.844776E+01

w:304/ x(   0.9000000E+03) y(   0.2842171E-13) ix(2) iy(2) s(   0.7000E+00)

hb:   line clip z   cb(lightgray)
clip:
  8.013657E+02 -5.000000E+01
  9.953507E+02 -5.000000E+01
  1.000000E+03 -4.844776E+01
  1.000000E+03 -4.224627E+01
  1.000000E+03 -4.238806E+01
  1.000000E+03 -3.618657E+01
  1.000000E+03 -3.632836E+01
  1.000000E+03 -3.012687E+01
  1.000000E+03 -3.026866E+01
  1.000000E+03 -2.406716E+01
  1.000000E+03 -2.420896E+01
  1.000000E+03 -1.800746E+01
  1.000000E+03 -1.814925E+01
  1.000000E+03 -1.194776E+01
  1.000000E+03 -1.208955E+01
  1.000000E+03 -5.888060E+00
  1.000000E+03 -6.029851E+00
  1.000000E+03  1.716418E-01
  1.000000E+03  2.985075E-02
  1.000000E+03  6.231343E+00
  1.000000E+03  6.089552E+00
  1.000000E+03  1.229104E+01
  1.000000E+03  1.214925E+01
  1.000000E+03  1.835075E+01
  1.000000E+03  1.820896E+01
  1.000000E+03  2.441045E+01
  1.000000E+03  2.426866E+01
  1.000000E+03  3.047015E+01
  1.000000E+03  3.032836E+01
  1.000000E+03  3.652985E+01
  1.000000E+03  3.638806E+01
  1.000000E+03  4.258955E+01
  1.000000E+03  4.244776E+01
  1.000000E+03  4.864925E+01
  1.000000E+03  4.850746E+01
  9.952910E+02  5.000000E+01
  9.937985E+02  5.000000E+01
  9.923060E+02  5.000000E+01
  9.831940E+02  5.000000E+01
  9.817015E+02  5.000000E+01
  9.725896E+02  5.000000E+01
  9.710970E+02  5.000000E+01
  9.619851E+02  5.000000E+01
  9.604925E+02  5.000000E+01
  9.513806E+02  5.000000E+01
  9.498881E+02  5.000000E+01
  9.407761E+02  5.000000E+01
  9.392836E+02  5.000000E+01
  9.301716E+02  5.000000E+01
  9.286791E+02  5.000000E+01
  9.195672E+02  5.000000E+01
  9.180746E+02  5.000000E+01
  9.089627E+02  5.000000E+01
  9.074701E+02  5.000000E+01
  8.983582E+02  5.000000E+01
  8.968657E+02  5.000000E+01
  8.877537E+02  5.000000E+01
  8.862612E+02  5.000000E+01
  8.771493E+02  5.000000E+01
  8.756567E+02  5.000000E+01
  8.665448E+02  5.000000E+01
  8.650522E+02  5.000000E+01
  8.559403E+02  5.000000E+01
  8.544478E+02  5.000000E+01
  8.453358E+02  5.000000E+01
  8.438433E+02  5.000000E+01
  8.347313E+02  5.000000E+01
  8.332388E+02  5.000000E+01
  8.241269E+02  5.000000E+01
  8.226343E+02  5.000000E+01
  8.135224E+02  5.000000E+01
  8.120299E+02  5.000000E+01
  8.029179E+02  5.000000E+01
  8.014254E+02  5.000000E+01
  8.000000E+02  4.850746E+01
  8.000000E+02  4.558955E+01
  8.000000E+02  4.244776E+01
  8.000000E+02  3.952985E+01
  8.000000E+02  3.638806E+01
  8.000000E+02  3.347015E+01
  8.000000E+02  3.032836E+01
  8.000000E+02  2.741045E+01
  8.000000E+02  2.426866E+01
  8.000000E+02  2.135075E+01
  8.000000E+02  1.820896E+01
  8.000000E+02  1.529104E+01
  8.000000E+02  1.214925E+01
  8.000000E+02  9.231343E+00
  8.000000E+02  6.089552E+00
  8.000000E+02  3.171642E+00
  8.000000E+02  2.985075E-02
  8.000000E+02 -2.888060E+00
  8.000000E+02 -6.029851E+00
  8.000000E+02 -8.947761E+00
  8.000000E+02 -1.208955E+01
  8.000000E+02 -1.500746E+01
  8.000000E+02 -1.814925E+01
  8.000000E+02 -2.106716E+01
  8.000000E+02 -2.420896E+01
  8.000000E+02 -2.712687E+01
  8.000000E+02 -3.026866E+01
  8.000000E+02 -3.318657E+01
  8.000000E+02 -3.632836E+01
  8.000000E+02 -3.924627E+01
  8.000000E+02 -4.238806E+01
  8.000000E+02 -4.530597E+01
  8.000000E+02 -4.844776E+01

w:201/ x(  -0.1783233E+03) y(   0.1625116E+03) ix(2) iy(2) s(   0.7000E+00)

hb:   line clip z   cb(yellowgreen)
clip:
 -7.759199E+01  5.422891E+01
 -6.505191E+01  5.296982E+01
 -4.544030E+01  5.144753E+01
 -3.093936E+01  5.067071E+01
 -1.362687E+01  5.013006E+01
 -3.022388E+00  5.000640E+01
  0.000000E+00  5.154478E+01
  0.000000E+00  5.456716E+01
  0.000000E+00  5.758955E+01
  0.000000E+00  6.062687E+01
  1.136868E-13  6.364925E+01
  0.000000E+00  6.668657E+01
  0.000000E+00  6.970896E+01
  0.000000E+00  7.274627E+01
  0.000000E+00  7.576866E+01
  0.000000E+00  7.880597E+01
  1.136868E-13  8.182836E+01
 -1.136868E-13  8.486567E+01
  0.000000E+00  8.788806E+01
  0.000000E+00  9.092537E+01
  0.000000E+00  9.394776E+01
  0.000000E+00  9.698507E+01
  0.000000E+00  1.000075E+02
  0.000000E+00  1.030448E+02
  1.136868E-13  1.060672E+02
  0.000000E+00  1.091045E+02
  0.000000E+00  1.121269E+02
  0.000000E+00  1.151642E+02
  0.000000E+00  1.181866E+02
  0.000000E+00  1.212239E+02
  0.000000E+00  1.242463E+02
 -1.136868E-13  1.272836E+02
  0.000000E+00  1.303060E+02
  0.000000E+00  1.333433E+02
  0.000000E+00  1.363657E+02
  0.000000E+00  1.394030E+02
  0.000000E+00  1.424254E+02
  0.000000E+00  1.454627E+02
  1.136868E-13  1.484851E+02
  0.000000E+00  1.515224E+02
  0.000000E+00  1.545448E+02
  0.000000E+00  1.575821E+02
  0.000000E+00  1.606045E+02
  0.000000E+00  1.636418E+02
  0.000000E+00  1.666642E+02
  0.000000E+00  1.697015E+02
  0.000000E+00  1.727239E+02
  0.000000E+00  1.757612E+02
  0.000000E+00  1.787836E+02
  0.000000E+00  1.818209E+02
  0.000000E+00  1.848433E+02
  1.136868E-13  1.878806E+02
  0.000000E+00  1.909030E+02
  0.000000E+00  1.939403E+02
  1.136868E-13  1.969627E+02
 -1.182240E-04  2.000000E+02
 -3.014332E+00  2.000081E+02
 -1.362687E+01  2.001647E+02
 -1.379563E+01  2.001688E+02
 -2.423134E+01  2.005208E+02
 -2.477585E+01  2.005445E+02
 -3.483582E+01  2.010770E+02
 -3.598509E+01  2.011493E+02
 -4.544030E+01  2.018337E+02
 -4.743914E+01  2.019988E+02
 -5.604478E+01  2.027918E+02
 -5.915600E+01  2.031112E+02
 -6.664925E+01  2.039523E+02
 -7.115639E+01  2.045071E+02
 -7.725373E+01  2.053165E+02
 -8.884013E+01  2.070416E+02
 -1.016375E+02  2.092345E+02
 -1.162860E+02  2.121194E+02
 -1.302761E+02  2.152538E+02
 -1.408806E+02  2.178804E+02
 -1.487260E+02  2.199648E+02
 -1.620896E+02  2.237961E+02
 -1.702102E+02  2.262998E+02
 -1.837888E+02  2.307888E+02
 -2.004197E+02  2.368152E+02
 -2.151119E+02  2.426383E+02
 -2.257164E+02  2.471414E+02
 -2.342528E+02  2.509543E+02
 -2.339722E+02  2.508263E+02
 -2.363209E+02  2.519037E+02
 -2.427758E+02  2.549325E+02
 -2.419455E+02  2.545373E+02
 -2.453125E+02  2.561502E+02
 -2.469254E+02  2.569325E+02
 -2.516478E+02  2.592598E+02
 -2.543120E+02  2.605970E+02
 -2.564460E+02  2.616809E+02
 -2.575299E+02  2.622357E+02
 -2.609269E+02  2.639940E+02
 -2.659665E+02  2.666567E+02
 -2.673772E+02  2.674138E+02
 -2.681343E+02  2.678223E+02
 -2.706892E+02  2.692116E+02
 -2.769987E+02  2.727164E+02
 -2.781103E+02  2.733449E+02
 -2.787388E+02  2.737017E+02
 -2.810393E+02  2.750169E+02
 -2.836102E+02  2.727164E+02
 -2.871088E+02  2.666567E+02
 -2.893433E+02  2.627865E+02
 -2.901447E+02  2.613984E+02
 -2.906074E+02  2.605970E+02
 -2.923341E+02  2.576062E+02
 -2.941059E+02  2.545373E+02
 -2.976045E+02  2.484776E+02
 -2.999478E+02  2.444190E+02
 -3.006802E+02  2.431503E+02
 -3.011031E+02  2.424179E+02
 -3.026813E+02  2.396844E+02
 -3.046016E+02  2.363582E+02
 -3.081002E+02  2.302985E+02
 -3.105522E+02  2.260515E+02
 -3.112157E+02  2.249023E+02
 -3.115988E+02  2.242388E+02
 -3.130284E+02  2.217627E+02
 -3.150974E+02  2.181791E+02
 -3.185959E+02  2.121194E+02
 -3.211567E+02  2.076840E+02
 -3.217512E+02  2.066542E+02
 -3.220945E+02  2.060597E+02
 -3.233755E+02  2.038409E+02
 -3.255931E+02  2.000000E+02
 -3.290916E+02  1.939403E+02
 -3.317612E+02  1.893165E+02
 -3.322868E+02  1.884062E+02
 -3.325902E+02  1.878806E+02
 -3.337227E+02  1.859191E+02
 -3.360888E+02  1.818209E+02
 -3.395873E+02  1.757612E+02
 -3.423657E+02  1.709490E+02
 -3.428223E+02  1.701581E+02
 -3.430859E+02  1.697015E+02
 -3.440698E+02  1.679974E+02
 -3.465845E+02  1.636418E+02
 -3.500831E+02  1.575821E+02
 -3.529701E+02  1.525815E+02
 -3.533578E+02  1.519100E+02
 -3.535816E+02  1.515224E+02
 -3.544169E+02  1.500756E+02
 -3.566467E+02  1.454627E+02
 -3.543111E+02  1.441217E+02
 -3.529701E+02  1.433571E+02
 -3.481448E+02  1.406374E+02
 -3.459256E+02  1.394030E+02
 -3.436311E+02  1.381376E+02
 -3.423657E+02  1.374444E+02
 -3.380888E+02  1.351261E+02
 -3.347517E+02  1.333433E+02
 -3.327957E+02  1.323088E+02
 -3.317612E+02  1.317648E+02
 -3.284626E+02  1.300447E+02
 -3.230782E+02  1.272836E+02
 -3.218025E+02  1.266378E+02
 -3.211567E+02  1.263122E+02
 -3.192070E+02  1.253339E+02
 -3.108486E+02  1.212239E+02
 -2.979945E+02  1.151642E+02
 -2.824088E+02  1.082297E+02
 -2.668247E+02  1.017351E+02
 -2.495004E+02  9.501534E+01
 -2.352765E+02  8.988095E+01
 -2.193092E+02  8.451814E+01
 -2.045075E+02  7.991716E+01
 -1.975040E+02  7.786224E+01
 -1.832985E+02  7.393119E+01
 -1.767061E+02  7.221358E+01
 -1.620896E+02  6.864334E+01
 -1.509356E+02  6.613710E+01
 -1.375745E+02  6.338045E+01
 -1.190386E+02  5.999383E+01
 -1.064156E+02  5.797535E+01
 -8.785821E+01  5.542656E+01
 -8.062591E+01  5.456716E+01

w:310/ x(   0.5000000E+03) y(   0.1250000E+03) ix(2) iy(2) s(   0.7000E+00)

hb:   line clip z   cb(yellowgreen)
clip:
  3.014925E+00  5.000000E+01
  9.983657E+02  5.000000E+01
  1.000000E+03  5.456716E+01
  1.000000E+03  6.076866E+01
  1.000000E+03  6.062687E+01
  1.000000E+03  6.682836E+01
  1.000000E+03  6.668657E+01
  1.000000E+03  7.288806E+01
  1.000000E+03  7.274627E+01
  1.000000E+03  7.894776E+01
  1.000000E+03  7.880597E+01
  1.000000E+03  8.500746E+01
  1.000000E+03  8.486567E+01
  1.000000E+03  9.106716E+01
  1.000000E+03  9.092537E+01
  1.000000E+03  9.712687E+01
  1.000000E+03  9.698507E+01
  1.000000E+03  1.031866E+02
  1.000000E+03  1.030448E+02
  1.000000E+03  1.092463E+02
  1.000000E+03  1.091045E+02
  1.000000E+03  1.153060E+02
  1.000000E+03  1.151642E+02
  1.000000E+03  1.213657E+02
  1.000000E+03  1.212239E+02
  1.000000E+03  1.274254E+02
  1.000000E+03  1.272836E+02
  1.000000E+03  1.334851E+02
  1.000000E+03  1.333433E+02
  1.000000E+03  1.395448E+02
  1.000000E+03  1.394030E+02
  1.000000E+03  1.456045E+02
  1.000000E+03  1.454627E+02
  1.000000E+03  1.516642E+02
  1.000000E+03  1.515224E+02
  1.000000E+03  1.577239E+02
  1.000000E+03  1.575821E+02
  1.000000E+03  1.637836E+02
  1.000000E+03  1.636418E+02
  1.000000E+03  1.698433E+02
  1.000000E+03  1.697015E+02
  1.000000E+03  1.759030E+02
  1.000000E+03  1.757612E+02
  1.000000E+03  1.819627E+02
  1.000000E+03  1.818209E+02
  1.000000E+03  1.880224E+02
  1.000000E+03  1.878806E+02
  1.000000E+03  1.940821E+02
  1.000000E+03  1.939403E+02
  9.998582E+02  2.000000E+02
  9.937985E+02  2.000000E+02
  9.877388E+02  2.000000E+02
  9.831940E+02  2.000000E+02
  9.771343E+02  2.000000E+02
  9.725896E+02  2.000000E+02
  9.665299E+02  2.000000E+02
  9.619851E+02  2.000000E+02
  9.559254E+02  2.000000E+02
  9.513806E+02  2.000000E+02
  9.453209E+02  2.000000E+02
  9.407761E+02  2.000000E+02
  9.347164E+02  2.000000E+02
  9.301716E+02  2.000000E+02
  9.241119E+02  2.000000E+02
  9.195672E+02  2.000000E+02
  9.135075E+02  2.000000E+02
  9.089627E+02  2.000000E+02
  9.029030E+02  2.000000E+02
  8.983582E+02  2.000000E+02
  8.922985E+02  2.000000E+02
  8.877537E+02  2.000000E+02
  8.816940E+02  2.000000E+02
  8.771493E+02  2.000000E+02
  8.710896E+02  2.000000E+02
  8.665448E+02  2.000000E+02
  8.604851E+02  2.000000E+02
  8.559403E+02  2.000000E+02
  8.498806E+02  2.000000E+02
  8.453358E+02  2.000000E+02
  8.392761E+02  2.000000E+02
  8.347313E+02  2.000000E+02
  8.286716E+02  2.000000E+02
  8.241269E+02  2.000000E+02
  8.180672E+02  2.000000E+02
  8.135224E+02  2.000000E+02
  8.074627E+02  2.000000E+02
  8.029179E+02  2.000000E+02
  7.968582E+02  2.000000E+02
  7.923134E+02  2.000000E+02
  7.862537E+02  2.000000E+02
  7.817090E+02  2.000000E+02
  7.756493E+02  2.000000E+02
  7.711045E+02  2.000000E+02
  7.650448E+02  2.000000E+02
  7.605000E+02  2.000000E+02
  7.544403E+02  2.000000E+02
  7.498955E+02  2.000000E+02
  7.438358E+02  2.000000E+02
  7.392910E+02  2.000000E+02
  7.332313E+02  2.000000E+02
  7.286866E+02  2.000000E+02
  7.226269E+02  2.000000E+02
  7.180821E+02  2.000000E+02
  7.120224E+02  2.000000E+02
  7.074776E+02  2.000000E+02
  7.014179E+02  2.000000E+02
  6.968731E+02  2.000000E+02
  6.908134E+02  2.000000E+02
  6.862687E+02  2.000000E+02
  6.802090E+02  2.000000E+02
  6.756642E+02  2.000000E+02
  6.696045E+02  2.000000E+02
  6.650597E+02  2.000000E+02
  6.590000E+02  2.000000E+02
  6.544552E+02  2.000000E+02
  6.483955E+02  2.000000E+02
  6.438507E+02  2.000000E+02
  6.377910E+02  2.000000E+02
  6.332463E+02  2.000000E+02
  6.271866E+02  2.000000E+02
  6.226418E+02  2.000000E+02
  6.165821E+02  2.000000E+02
  6.120373E+02  2.000000E+02
  6.059776E+02  2.000000E+02
  6.014328E+02  2.000000E+02
  5.953731E+02  2.000000E+02
  5.908284E+02  2.000000E+02
  5.847687E+02  2.000000E+02
  5.802239E+02  2.000000E+02
  5.741642E+02  2.000000E+02
  5.696194E+02  2.000000E+02
  5.635597E+02  2.000000E+02
  5.590149E+02  2.000000E+02
  5.529552E+02  2.000000E+02
  5.484104E+02  2.000000E+02
  5.423507E+02  2.000000E+02
  5.378060E+02  2.000000E+02
  5.317463E+02  2.000000E+02
  5.272015E+02  2.000000E+02
  5.211418E+02  2.000000E+02
  5.165970E+02  2.000000E+02
  5.105373E+02  2.000000E+02
  5.059925E+02  2.000000E+02
  4.999328E+02  2.000000E+02
  4.953881E+02  2.000000E+02
  4.893284E+02  2.000000E+02
  4.847836E+02  2.000000E+02
  4.787239E+02  2.000000E+02
  4.741791E+02  2.000000E+02
  4.681194E+02  2.000000E+02
  4.635746E+02  2.000000E+02
  4.575149E+02  2.000000E+02
  4.529701E+02  2.000000E+02
  4.469104E+02  2.000000E+02
  4.423657E+02  2.000000E+02
  4.363060E+02  2.000000E+02
  4.317612E+02  2.000000E+02
  4.257015E+02  2.000000E+02
  4.211567E+02  2.000000E+02
  4.150970E+02  2.000000E+02
  4.105522E+02  2.000000E+02
  4.044925E+02  2.000000E+02
  3.999478E+02  2.000000E+02
  3.938881E+02  2.000000E+02
  3.893433E+02  2.000000E+02
  3.832836E+02  2.000000E+02
  3.787388E+02  2.000000E+02
  3.726791E+02  2.000000E+02
  3.681343E+02  2.000000E+02
  3.620746E+02  2.000000E+02
  3.575299E+02  2.000000E+02
  3.514701E+02  2.000000E+02
  3.469254E+02  2.000000E+02
  3.408657E+02  2.000000E+02
  3.363209E+02  2.000000E+02
  3.302612E+02  2.000000E+02
  3.257164E+02  2.000000E+02
  3.196567E+02  2.000000E+02
  3.151119E+02  2.000000E+02
  3.090522E+02  2.000000E+02
  3.045075E+02  2.000000E+02
  2.984478E+02  2.000000E+02
  2.939030E+02  2.000000E+02
  2.878433E+02  2.000000E+02
  2.832985E+02  2.000000E+02
  2.772388E+02  2.000000E+02
  2.726940E+02  2.000000E+02
  2.666343E+02  2.000000E+02
  2.620896E+02  2.000000E+02
  2.560299E+02  2.000000E+02
  2.514851E+02  2.000000E+02
  2.454254E+02  2.000000E+02
  2.408806E+02  2.000000E+02
  2.348209E+02  2.000000E+02
  2.302761E+02  2.000000E+02
  2.242164E+02  2.000000E+02
  2.196716E+02  2.000000E+02
  2.136119E+02  2.000000E+02
  2.090672E+02  2.000000E+02
  2.030075E+02  2.000000E+02
  1.984627E+02  2.000000E+02
  1.924030E+02  2.000000E+02
  1.878582E+02  2.000000E+02
  1.817985E+02  2.000000E+02
  1.772537E+02  2.000000E+02
  1.711940E+02  2.000000E+02
  1.666493E+02  2.000000E+02
  1.605896E+02  2.000000E+02
  1.560448E+02  2.000000E+02
  1.499851E+02  2.000000E+02
  1.454403E+02  2.000000E+02
  1.393806E+02  2.000000E+02
  1.348358E+02  2.000000E+02
  1.287761E+02  2.000000E+02
  1.242313E+02  2.000000E+02
  1.181716E+02  2.000000E+02
  1.136269E+02  2.000000E+02
  1.075672E+02  2.000000E+02
  1.030224E+02  2.000000E+02
  9.696269E+01  2.000000E+02
  9.241791E+01  2.000000E+02
  8.635821E+01  2.000000E+02
  8.181343E+01  2.000000E+02
  7.575373E+01  2.000000E+02
  7.120896E+01  2.000000E+02
  6.514925E+01  2.000000E+02
  6.060448E+01  2.000000E+02
  5.454478E+01  2.000000E+02
  5.000000E+01  2.000000E+02
  4.394030E+01  2.000000E+02
  3.939552E+01  2.000000E+02
  3.333582E+01  2.000000E+02
  2.879104E+01  2.000000E+02
  2.273134E+01  2.000000E+02
  1.818657E+01  2.000000E+02
  1.212687E+01  2.000000E+02
  7.582090E+00  2.000000E+02
  1.522388E+00  2.000000E+02
  0.000000E+00  1.939403E+02
  0.000000E+00  1.863582E+02
  0.000000E+00  1.878806E+02
  0.000000E+00  1.802985E+02
  0.000000E+00  1.818209E+02
  0.000000E+00  1.742388E+02
  0.000000E+00  1.757612E+02
  0.000000E+00  1.681791E+02
  0.000000E+00  1.697015E+02
  0.000000E+00  1.621194E+02
  0.000000E+00  1.636418E+02
  0.000000E+00  1.560597E+02
  0.000000E+00  1.575821E+02
  0.000000E+00  1.500000E+02
  0.000000E+00  1.515224E+02
  0.000000E+00  1.439403E+02
  0.000000E+00  1.454627E+02
  0.000000E+00  1.378806E+02
 -1.136868E-13  1.394030E+02
  0.000000E+00  1.318209E+02
  0.000000E+00  1.333433E+02
  0.000000E+00  1.257612E+02
 -1.136868E-13  1.272836E+02
 -1.136868E-13  1.197015E+02
  0.000000E+00  1.212239E+02
  0.000000E+00  1.136418E+02
  0.000000E+00  1.151642E+02
  0.000000E+00  1.075821E+02
  0.000000E+00  1.091045E+02
  0.000000E+00  1.015224E+02
  0.000000E+00  1.030448E+02
  0.000000E+00  9.546269E+01
  0.000000E+00  9.698507E+01
  0.000000E+00  8.940299E+01
  0.000000E+00  9.092537E+01
  0.000000E+00  8.334328E+01
  0.000000E+00  8.486567E+01
  0.000000E+00  7.728358E+01
  0.000000E+00  7.880597E+01
  0.000000E+00  7.122388E+01
  0.000000E+00  7.274627E+01
  0.000000E+00  6.516418E+01
  0.000000E+00  6.668657E+01
  0.000000E+00  5.910448E+01
  0.000000E+00  6.062687E+01
  0.000000E+00  5.304478E+01
  0.000000E+00  5.456716E+01

w:100/ x(  -0.5985246E+03) y(   0.2278618E+03) ix(2) iy(2) s(   0.7000E+00)

hb:   line clip z   cb(lightgray)
clip:
 -4.179168E+02  6.536682E+01
 -4.116717E+02  6.176121E+01
 -4.059925E+02  6.074402E+01
 -4.038174E+02  6.451145E+01
 -4.025616E+02  6.668657E+01
 -3.978749E+02  7.480423E+01
 -3.990630E+02  7.274627E+01
 -3.955645E+02  7.880597E+01
 -3.953881E+02  7.911152E+01
 -3.932819E+02  8.275951E+01
 -3.920659E+02  8.486567E+01
 -3.875277E+02  9.272599E+01
 -3.885673E+02  9.092537E+01
 -3.850688E+02  9.698507E+01
 -3.847836E+02  9.747901E+01
 -3.827464E+02  1.010076E+02
 -3.815702E+02  1.030448E+02
 -3.771806E+02  1.106478E+02
 -3.780716E+02  1.091045E+02
 -3.745730E+02  1.151642E+02
 -3.741791E+02  1.158465E+02
 -3.722108E+02  1.192556E+02
 -3.710745E+02  1.212239E+02
 -3.668335E+02  1.285695E+02
 -3.675759E+02  1.272836E+02
 -3.640773E+02  1.333433E+02
 -3.635746E+02  1.342140E+02
 -3.616753E+02  1.375037E+02
 -3.605788E+02  1.394030E+02
 -3.571972E+02  1.457804E+02
 -3.570802E+02  1.454627E+02
 -3.610389E+02  1.479984E+02
 -3.635746E+02  1.494624E+02
 -3.671426E+02  1.515224E+02
 -3.716036E+02  1.540979E+02
 -3.741791E+02  1.555849E+02
 -3.776383E+02  1.575821E+02
 -3.821682E+02  1.601974E+02
 -3.847836E+02  1.617074E+02
 -3.881340E+02  1.636418E+02
 -3.927329E+02  1.662970E+02
 -3.953881E+02  1.678299E+02
 -3.986297E+02  1.697015E+02
 -4.032976E+02  1.723965E+02
 -4.059925E+02  1.739524E+02
 -4.091254E+02  1.757612E+02
 -4.138622E+02  1.784960E+02
 -4.165970E+02  1.800749E+02
 -4.196211E+02  1.818209E+02
 -4.244269E+02  1.845955E+02
 -4.272015E+02  1.861974E+02
 -4.301168E+02  1.878806E+02
 -4.349916E+02  1.906950E+02
 -4.378060E+02  1.923199E+02
 -4.406126E+02  1.939403E+02
 -4.455562E+02  1.967945E+02
 -4.484104E+02  1.984424E+02
 -4.511083E+02  2.000000E+02
 -4.561209E+02  2.028940E+02
 -4.590149E+02  2.045649E+02
 -4.616040E+02  2.060597E+02
 -4.666856E+02  2.089936E+02
 -4.696194E+02  2.106874E+02
 -4.720997E+02  2.121194E+02
 -4.772502E+02  2.150931E+02
 -4.802239E+02  2.168099E+02
 -4.825954E+02  2.181791E+02
 -4.878149E+02  2.211926E+02
 -4.908284E+02  2.229324E+02
 -4.930911E+02  2.242388E+02
 -4.983796E+02  2.272921E+02
 -5.014328E+02  2.290549E+02
 -5.035868E+02  2.302985E+02
 -5.089442E+02  2.333916E+02
 -5.120373E+02  2.351774E+02
 -5.140825E+02  2.363582E+02
 -5.195089E+02  2.394911E+02
 -5.226418E+02  2.412999E+02
 -5.245782E+02  2.424179E+02
 -5.300736E+02  2.455906E+02
 -5.332463E+02  2.474224E+02
 -5.350740E+02  2.484776E+02
 -5.406382E+02  2.516901E+02
 -5.438507E+02  2.535449E+02
 -5.455697E+02  2.545373E+02
 -5.512029E+02  2.577897E+02
 -5.544552E+02  2.596674E+02
 -5.560654E+02  2.605970E+02
 -5.617675E+02  2.638892E+02
 -5.650597E+02  2.657899E+02
 -5.665611E+02  2.666567E+02
 -5.723322E+02  2.699887E+02
 -5.756642E+02  2.719124E+02
 -5.770568E+02  2.727164E+02
 -5.828969E+02  2.760882E+02
 -5.862687E+02  2.780349E+02
 -5.875525E+02  2.787761E+02
 -5.934615E+02  2.821877E+02
 -5.968731E+02  2.841574E+02
 -5.980482E+02  2.848358E+02
 -6.040262E+02  2.882872E+02
 -6.074776E+02  2.902799E+02
 -6.085439E+02  2.908955E+02
 -6.145909E+02  2.943867E+02
 -6.180821E+02  2.964024E+02
 -6.190396E+02  2.969552E+02
 -6.251555E+02  3.004862E+02
 -6.286866E+02  3.025249E+02
 -6.295354E+02  3.030149E+02
 -6.357202E+02  3.065858E+02
 -6.392910E+02  3.086474E+02
 -6.400311E+02  3.090746E+02
 -6.462849E+02  3.126853E+02
 -6.498955E+02  3.147699E+02
 -6.505268E+02  3.151343E+02
 -6.568495E+02  3.187848E+02
 -6.605000E+02  3.208924E+02
 -6.610225E+02  3.211940E+02
 -6.674142E+02  3.248843E+02
 -6.711045E+02  3.270149E+02
 -6.715182E+02  3.272537E+02
 -6.779789E+02  3.309838E+02
 -6.817090E+02  3.331374E+02
 -6.820139E+02  3.333134E+02
 -6.885435E+02  3.370833E+02
 -6.923134E+02  3.392599E+02
 -6.925096E+02  3.393731E+02
 -6.991082E+02  3.431828E+02
 -7.029179E+02  3.453824E+02
 -7.030053E+02  3.454328E+02
 -7.096729E+02  3.492823E+02
 -7.135010E+02  3.514925E+02
 -7.135516E+02  3.515217E+02
 -7.239967E+02  3.575522E+02
 -7.240792E+02  3.575999E+02
 -7.241269E+02  3.576274E+02
 -7.243046E+02  3.577300E+02
 -7.344925E+02  3.636119E+02
 -7.346439E+02  3.636994E+02
 -7.347313E+02  3.637499E+02
 -7.350577E+02  3.639383E+02
 -7.449882E+02  3.696716E+02
 -7.452086E+02  3.697989E+02
 -7.453358E+02  3.698724E+02
 -7.458107E+02  3.701465E+02
 -7.554839E+02  3.757313E+02
 -7.557732E+02  3.758984E+02
 -7.559403E+02  3.759949E+02
 -7.565638E+02  3.763548E+02
 -7.659796E+02  3.817910E+02
 -7.663379E+02  3.819979E+02
 -7.665448E+02  3.821174E+02
 -7.673168E+02  3.825631E+02
 -7.764753E+02  3.878507E+02
 -7.769026E+02  3.880974E+02
 -7.771493E+02  3.882399E+02
 -7.780699E+02  3.887714E+02
 -7.869710E+02  3.939104E+02
 -7.874672E+02  3.941969E+02
 -7.877537E+02  3.943623E+02
 -7.888229E+02  3.949797E+02
 -7.909891E+02  3.939104E+02
 -7.954087E+02  3.862555E+02
 -7.944877E+02  3.878507E+02
 -7.979862E+02  3.817910E+02
 -7.983582E+02  3.811467E+02
 -8.003404E+02  3.777135E+02
 -8.014848E+02  3.757313E+02
 -8.057558E+02  3.683338E+02
 -8.049834E+02  3.696716E+02
 -8.084819E+02  3.636119E+02
 -8.089627E+02  3.627793E+02
 -8.108759E+02  3.594655E+02
 -8.119805E+02  3.575522E+02
 -8.161029E+02  3.504120E+02
 -8.154791E+02  3.514925E+02
 -8.189776E+02  3.454328E+02
 -8.195672E+02  3.444118E+02
 -8.214114E+02  3.412174E+02
 -8.224762E+02  3.393731E+02
 -8.264501E+02  3.324902E+02
 -8.259748E+02  3.333134E+02
 -8.294734E+02  3.272537E+02
 -8.301716E+02  3.260443E+02
 -8.319470E+02  3.229693E+02
 -8.329719E+02  3.211940E+02
 -8.367972E+02  3.145685E+02
 -8.376221E+02  3.076838E+02
 -4.202026E+02  6.668657E+01

w:101/ x(  -0.5355504E+03) y(   0.3356792E+03) ix(2) iy(2) s(   0.7000E+00)

hb:   line clip z   cb(yellowgreen)
clip:
 -3.648806E+02  1.502164E+02
 -3.587007E+02  1.466485E+02
 -3.535816E+02  1.515224E+02
 -3.529701E+02  1.525815E+02
 -3.511398E+02  1.557517E+02
 -3.500831E+02  1.575821E+02
 -3.461392E+02  1.644130E+02
 -3.465845E+02  1.636418E+02
 -3.430859E+02  1.697015E+02
 -3.423657E+02  1.709490E+02
 -3.406043E+02  1.739998E+02
 -3.395873E+02  1.757612E+02
 -3.357921E+02  1.823348E+02
 -3.360888E+02  1.818209E+02
 -3.325902E+02  1.878806E+02
 -3.317612E+02  1.893165E+02
 -3.300688E+02  1.922479E+02
 -3.290916E+02  1.939403E+02
 -3.254449E+02  2.002565E+02
 -3.255931E+02  2.000000E+02
 -3.220945E+02  2.060597E+02
 -3.211567E+02  2.076840E+02
 -3.195332E+02  2.104959E+02
 -3.185959E+02  2.121194E+02
 -3.150978E+02  2.181783E+02
 -3.115988E+02  2.242388E+02
 -3.105522E+02  2.260515E+02
 -3.089977E+02  2.287440E+02
 -3.081002E+02  2.302985E+02
 -3.047507E+02  2.361001E+02
 -3.046016E+02  2.363582E+02
 -3.011031E+02  2.424179E+02
 -2.999478E+02  2.444190E+02
 -2.984622E+02  2.469920E+02
 -2.976045E+02  2.484776E+02
 -2.944035E+02  2.540218E+02
 -2.941059E+02  2.545373E+02
 -2.906074E+02  2.605970E+02
 -2.893433E+02  2.627865E+02
 -2.879267E+02  2.652401E+02
 -2.871088E+02  2.666567E+02
 -2.840564E+02  2.719436E+02
 -2.836102E+02  2.727164E+02
 -2.848461E+02  2.772136E+02
 -2.875525E+02  2.787761E+02
 -2.886878E+02  2.794316E+02
 -2.893433E+02  2.798100E+02
 -2.917895E+02  2.812224E+02
 -2.980482E+02  2.848358E+02
 -2.992525E+02  2.855311E+02
 -2.999478E+02  2.859325E+02
 -3.025426E+02  2.874306E+02
 -3.085439E+02  2.908955E+02
 -3.098171E+02  2.916306E+02
 -3.105522E+02  2.920550E+02
 -3.132956E+02  2.936389E+02
 -3.190396E+02  2.969552E+02
 -3.203818E+02  2.977301E+02
 -3.211567E+02  2.981775E+02
 -3.240487E+02  2.998472E+02
 -3.295354E+02  3.030149E+02
 -3.309465E+02  3.038296E+02
 -3.317612E+02  3.043000E+02
 -3.348018E+02  3.060555E+02
 -3.400311E+02  3.090746E+02
 -3.415111E+02  3.099292E+02
 -3.423657E+02  3.104225E+02
 -3.455548E+02  3.122638E+02
 -3.505268E+02  3.151343E+02
 -3.520758E+02  3.160287E+02
 -3.529701E+02  3.165450E+02
 -3.563079E+02  3.184720E+02
 -3.610225E+02  3.211940E+02
 -3.626405E+02  3.221282E+02
 -3.635746E+02  3.226675E+02
 -3.670609E+02  3.246803E+02
 -3.715182E+02  3.272537E+02
 -3.732051E+02  3.282277E+02
 -3.741791E+02  3.287900E+02
 -3.778140E+02  3.308886E+02
 -3.820139E+02  3.333134E+02
 -3.837698E+02  3.343272E+02
 -3.847836E+02  3.349125E+02
 -3.885670E+02  3.370969E+02
 -3.925096E+02  3.393731E+02
 -3.943345E+02  3.404267E+02
 -3.953881E+02  3.410350E+02
 -3.993201E+02  3.433052E+02
 -4.030053E+02  3.454328E+02
 -4.048991E+02  3.465262E+02
 -4.059925E+02  3.471575E+02
 -4.100731E+02  3.495134E+02
 -4.135010E+02  3.514925E+02
 -4.154638E+02  3.526257E+02
 -4.165970E+02  3.532800E+02
 -4.208262E+02  3.557217E+02
 -4.239967E+02  3.575522E+02
 -4.260285E+02  3.587253E+02
 -4.272015E+02  3.594025E+02
 -4.315793E+02  3.619300E+02
 -4.344925E+02  3.636119E+02
 -4.365931E+02  3.648248E+02
 -4.378060E+02  3.655250E+02
 -4.423323E+02  3.681383E+02
 -4.449882E+02  3.696716E+02
 -4.471578E+02  3.709243E+02
 -4.484104E+02  3.716475E+02
 -4.530854E+02  3.743466E+02
 -4.554839E+02  3.757313E+02
 -4.577225E+02  3.770238E+02
 -4.590149E+02  3.777700E+02
 -4.638384E+02  3.805548E+02
 -4.659796E+02  3.817910E+02
 -4.682871E+02  3.831233E+02
 -4.696194E+02  3.838925E+02
 -4.745915E+02  3.867631E+02
 -4.764753E+02  3.878507E+02
 -4.788518E+02  3.892228E+02
 -4.802239E+02  3.900150E+02
 -4.853445E+02  3.929714E+02
 -4.869710E+02  3.939104E+02
 -4.894165E+02  3.953223E+02
 -4.908284E+02  3.961375E+02
 -4.960976E+02  3.991797E+02
 -4.974667E+02  3.999701E+02
 -4.999811E+02  4.014218E+02
 -5.014328E+02  4.022600E+02
 -5.068506E+02  4.053880E+02
 -5.079624E+02  4.060299E+02
 -5.105458E+02  4.075214E+02
 -5.120373E+02  4.083825E+02
 -5.176037E+02  4.115962E+02
 -5.184581E+02  4.120896E+02
 -5.211105E+02  4.136209E+02
 -5.226418E+02  4.145050E+02
 -5.283568E+02  4.178045E+02
 -5.289539E+02  4.181493E+02
 -5.316751E+02  4.197204E+02
 -5.332463E+02  4.206275E+02
 -5.391098E+02  4.240128E+02
 -5.394496E+02  4.242090E+02
 -5.422398E+02  4.258199E+02
 -5.438507E+02  4.267500E+02
 -5.498629E+02  4.302211E+02
 -5.499453E+02  4.302687E+02
 -5.528045E+02  4.319194E+02
 -5.544552E+02  4.328725E+02
 -5.713690E+02  4.426376E+02
 -5.821220E+02  4.488459E+02
 -5.928751E+02  4.550542E+02
 -6.036281E+02  4.612625E+02
 -6.143812E+02  4.674708E+02
 -6.251343E+02  4.736790E+02
 -6.358873E+02  4.798873E+02
 -6.466404E+02  4.860956E+02
 -6.573934E+02  4.923039E+02
 -6.681465E+02  4.985122E+02
 -6.788995E+02  5.047204E+02
 -6.896526E+02  5.109287E+02
 -7.004056E+02  5.171370E+02
 -7.111587E+02  5.233453E+02
 -7.135224E+02  5.247099E+02
 -7.160562E+02  5.236980E+02
 -7.175191E+02  5.211642E+02
 -7.210177E+02  5.151045E+02
 -7.241269E+02  5.097192E+02
 -7.243737E+02  5.092916E+02
 -7.245162E+02  5.090448E+02
 -7.250482E+02  5.081235E+02
 -7.280148E+02  5.029851E+02
 -7.315134E+02  4.969254E+02
 -7.347313E+02  4.913517E+02
 -7.349092E+02  4.910436E+02
 -7.350120E+02  4.908657E+02
 -7.353953E+02  4.902017E+02
 -7.385105E+02  4.848060E+02
 -7.420091E+02  4.787463E+02
 -7.453358E+02  4.729842E+02
 -7.454448E+02  4.727955E+02
 -7.455077E+02  4.726866E+02
 -7.457424E+02  4.722800E+02
 -7.490062E+02  4.666269E+02
 -7.525048E+02  4.605672E+02
 -7.559403E+02  4.546167E+02
 -7.559803E+02  4.545475E+02
 -7.560034E+02  4.545075E+02
 -7.560895E+02  4.543582E+02
 -7.595019E+02  4.484478E+02
 -7.643673E+02  4.400208E+02
 -7.630005E+02  4.423881E+02
 -7.664991E+02  4.363284E+02
 -7.665448E+02  4.362492E+02
 -7.687338E+02  4.324577E+02
 -7.699977E+02  4.302687E+02
 -7.747144E+02  4.220990E+02
 -7.734962E+02  4.242090E+02
 -7.769948E+02  4.181493E+02
 -7.771493E+02  4.178817E+02
 -7.792693E+02  4.142096E+02
 -7.804934E+02  4.120896E+02
 -7.850615E+02  4.041773E+02
 -7.839919E+02  4.060299E+02
 -7.874905E+02  3.999701E+02
 -7.845860E+02  3.925334E+02
 -7.869710E+02  3.939104E+02
 -7.807443E+02  3.903154E+02
 -7.771493E+02  3.882399E+02
 -7.764753E+02  3.878507E+02
 -7.701796E+02  3.842159E+02
 -7.665448E+02  3.821174E+02
 -7.659796E+02  3.817910E+02
 -7.596149E+02  3.781164E+02
 -7.559403E+02  3.759949E+02
 -7.554839E+02  3.757313E+02
 -7.490503E+02  3.720169E+02
 -7.453358E+02  3.698724E+02
 -7.449882E+02  3.696716E+02
 -7.384856E+02  3.659174E+02
 -7.347313E+02  3.637499E+02
 -7.344925E+02  3.636119E+02
 -7.279209E+02  3.598179E+02
 -7.241269E+02  3.576274E+02
 -7.239967E+02  3.575522E+02
 -7.173563E+02  3.537184E+02
 -7.135224E+02  3.515049E+02
 -7.067916E+02  3.476188E+02
 -7.030053E+02  3.454328E+02
 -7.029499E+02  3.454008E+02
 -7.029179E+02  3.453824E+02
 -7.027985E+02  3.453134E+02
 -6.925096E+02  3.393731E+02
 -6.923852E+02  3.393013E+02
 -6.923134E+02  3.392599E+02
 -6.920454E+02  3.391051E+02
 -6.820139E+02  3.333134E+02
 -6.818206E+02  3.332018E+02
 -6.817090E+02  3.331374E+02
 -6.812924E+02  3.328969E+02
 -6.715182E+02  3.272537E+02
 -6.712559E+02  3.271023E+02
 -6.711045E+02  3.270149E+02
 -6.705393E+02  3.266886E+02
 -6.610225E+02  3.211940E+02
 -6.606912E+02  3.210028E+02
 -6.605000E+02  3.208924E+02
 -6.597863E+02  3.204803E+02
 -6.505268E+02  3.151343E+02
 -6.501266E+02  3.149033E+02
 -6.498955E+02  3.147699E+02
 -6.490332E+02  3.142720E+02
 -6.400311E+02  3.090746E+02
 -6.395619E+02  3.088038E+02
 -6.392910E+02  3.086474E+02
 -6.382802E+02  3.080637E+02
 -6.295354E+02  3.030149E+02
 -6.289972E+02  3.027042E+02
 -6.286866E+02  3.025249E+02
 -6.275271E+02  3.018555E+02
 -6.190396E+02  2.969552E+02
 -6.184326E+02  2.966047E+02
 -6.180821E+02  2.964024E+02
 -6.167741E+02  2.956472E+02
 -6.085439E+02  2.908955E+02
 -6.078679E+02  2.905052E+02
 -6.074776E+02  2.902799E+02
 -6.060210E+02  2.894389E+02
 -5.980482E+02  2.848358E+02
 -5.973032E+02  2.844057E+02
 -5.968731E+02  2.841574E+02
 -5.952679E+02  2.832306E+02
 -5.875525E+02  2.787761E+02
 -5.867386E+02  2.783062E+02
 -5.862687E+02  2.780349E+02
 -5.845149E+02  2.770223E+02
 -5.770568E+02  2.727164E+02
 -5.761739E+02  2.722067E+02
 -5.756642E+02  2.719124E+02
 -5.737618E+02  2.708141E+02
 -5.665611E+02  2.666567E+02
 -5.656092E+02  2.661072E+02
 -5.650597E+02  2.657899E+02
 -5.630088E+02  2.646058E+02
 -5.560654E+02  2.605970E+02
 -5.550446E+02  2.600077E+02
 -5.544552E+02  2.596674E+02
 -5.522557E+02  2.583975E+02
 -5.455697E+02  2.545373E+02
 -5.444799E+02  2.539081E+02
 -5.438507E+02  2.535449E+02
 -5.415027E+02  2.521892E+02
 -5.350740E+02  2.484776E+02
 -5.339152E+02  2.478086E+02
 -5.332463E+02  2.474224E+02
 -5.307496E+02  2.459809E+02
 -5.245782E+02  2.424179E+02
 -5.233506E+02  2.417091E+02
 -5.226418E+02  2.412999E+02
 -5.199965E+02  2.397727E+02
 -5.140825E+02  2.363582E+02
 -5.127859E+02  2.356096E+02
 -5.120373E+02  2.351774E+02
 -5.092435E+02  2.335644E+02
 -5.035868E+02  2.302985E+02
 -5.022212E+02  2.295101E+02
 -5.014328E+02  2.290549E+02
 -4.984904E+02  2.273561E+02
 -4.930911E+02  2.242388E+02
 -4.916566E+02  2.234106E+02
 -4.908284E+02  2.229324E+02
 -4.877374E+02  2.211478E+02
 -4.825954E+02  2.181791E+02
 -4.810919E+02  2.173111E+02
 -4.802239E+02  2.168099E+02
 -4.769843E+02  2.149396E+02
 -4.720997E+02  2.121194E+02
 -4.705273E+02  2.112116E+02
 -4.696194E+02  2.106874E+02
 -4.662313E+02  2.087313E+02
 -4.616040E+02  2.060597E+02
 -4.599626E+02  2.051120E+02
 -4.590149E+02  2.045649E+02
 -4.554782E+02  2.025230E+02
 -4.511083E+02  2.000000E+02
 -4.493979E+02  1.990125E+02
 -4.484104E+02  1.984424E+02
 -4.447252E+02  1.963147E+02
 -4.406126E+02  1.939403E+02
 -4.388333E+02  1.929130E+02
 -4.378060E+02  1.923199E+02
 -4.339721E+02  1.901064E+02
 -4.301168E+02  1.878806E+02
 -4.282686E+02  1.868135E+02
 -4.272015E+02  1.861974E+02
 -4.232190E+02  1.838982E+02
 -4.196211E+02  1.818209E+02
 -4.177039E+02  1.807140E+02
 -4.165970E+02  1.800749E+02
 -4.124660E+02  1.776899E+02
 -4.091254E+02  1.757612E+02
 -4.071393E+02  1.746145E+02
 -4.059925E+02  1.739524E+02
 -4.017129E+02  1.714816E+02
 -3.986297E+02  1.697015E+02
 -3.965746E+02  1.685150E+02
 -3.953881E+02  1.678299E+02
 -3.909599E+02  1.652733E+02
 -3.881340E+02  1.636418E+02
 -3.860099E+02  1.624155E+02
 -3.847836E+02  1.617074E+02
 -3.802068E+02  1.590650E+02
 -3.776383E+02  1.575821E+02
 -3.754453E+02  1.563159E+02
 -3.741791E+02  1.555849E+02
 -3.694538E+02  1.528568E+02
 -3.671426E+02  1.515224E+02
