[ T - Deposit ]
    title = [t-deposit] in region mesh
     mesh =  reg            # mesh type is region-wise
      reg = 2
     unit =    3            # unit is [1/source] : only for output=deposit
   letmat =    0            # (D=0) material id for LET, 0: real material
  dedxfnc =    0            # (D=0) user defined multiplier, 0(no), 1, 2
 material =  all            # (D=all) number of specific material
   output = deposit         # deposit enerygy distribution
   e-type =    3            # e-mesh is log given by emin, emax and ne
     emin =  1.0000000E-05  # minimum value of e-mesh points
     emax =   100.0000      # maximum value of e-mesh points
#    edel =  0.1611810      # mesh width of e-mesh points
       ne =  100            # number of e-mesh points
#    data = ( e(i), i = 1, ne + 1 )
#           1.00000E-05  1.17490E-05  1.38038E-05  1.62181E-05  1.90546E-05
#           2.23872E-05  2.63027E-05  3.09030E-05  3.63078E-05  4.26580E-05
#           5.01187E-05  5.88844E-05  6.91831E-05  8.12831E-05  9.54993E-05
#           1.12202E-04  1.31826E-04  1.54882E-04  1.81970E-04  2.13796E-04
#           2.51189E-04  2.95121E-04  3.46737E-04  4.07380E-04  4.78630E-04
#           5.62341E-04  6.60693E-04  7.76247E-04  9.12011E-04  1.07152E-03
#           1.25893E-03  1.47911E-03  1.73780E-03  2.04174E-03  2.39883E-03
#           2.81838E-03  3.31131E-03  3.89045E-03  4.57088E-03  5.37032E-03
#           6.30957E-03  7.41310E-03  8.70964E-03  1.02329E-02  1.20226E-02
#           1.41254E-02  1.65959E-02  1.94984E-02  2.29087E-02  2.69153E-02
#           3.16228E-02  3.71535E-02  4.36516E-02  5.12861E-02  6.02560E-02
#           7.07946E-02  8.31764E-02  9.77237E-02  1.14815E-01  1.34896E-01
#           1.58489E-01  1.86209E-01  2.18776E-01  2.57040E-01  3.01995E-01
#           3.54813E-01  4.16869E-01  4.89779E-01  5.75440E-01  6.76083E-01
#           7.94328E-01  9.33254E-01  1.09648E+00  1.28825E+00  1.51356E+00
#           1.77828E+00  2.08930E+00  2.45471E+00  2.88403E+00  3.38844E+00
#           3.98107E+00  4.67735E+00  5.49541E+00  6.45654E+00  7.58578E+00
#           8.91251E+00  1.04713E+01  1.23027E+01  1.44544E+01  1.69824E+01
#           1.99526E+01  2.34423E+01  2.75423E+01  3.23594E+01  3.80189E+01
#           4.46684E+01  5.24807E+01  6.16595E+01  7.24436E+01  8.51138E+01
#           1.00000E+02
     axis =   eng           # axis of output
     file = dep-01.dat      # file name of output for the above axis
     part =  all        deuteron   triton     alpha    
# kf/name :  0          1000002    1000003    2000004  
   epsout =    1            # (D=0) generate eps file by ANGEL
#    used :        main (  %)        temp (  %)       total (  %)
#  memory :         913 (  0)         812 (  0)        1725 (  0)

#------------------------------------------------------------------------------
#newpage:
#   no. =  1   reg =    2

x: Deposit Energy [MeV]
y: Number [1/source]     
p: xlog ylog afac(0.8) form(0.9)
h: n            x            y(all     ),hh0l  n  y(deuteron),hh0dr n  y(triton  ),hh0mb n  y(alpha   ),hh0ug n  
#  e-lower      e-upper     deposit      r.err   deposit      r.err   deposit      r.err   deposit      r.err 
   1.0000E-05   1.1749E-05   0.0000E+00  0.0000   0.0000E+00  0.0000   0.0000E+00  0.0000   0.0000E+00  0.0000
   1.1749E-05   1.3804E-05   0.0000E+00  0.0000   0.0000E+00  0.0000   0.0000E+00  0.0000   0.0000E+00  0.0000
   1.3804E-05   1.6218E-05   0.0000E+00  0.0000   0.0000E+00  0.0000   0.0000E+00  0.0000   0.0000E+00  0.0000
   1.6218E-05   1.9055E-05   0.0000E+00  0.0000   0.0000E+00  0.0000   0.0000E+00  0.0000   0.0000E+00  0.0000
   1.9055E-05   2.2387E-05   0.0000E+00  0.0000   0.0000E+00  0.0000   0.0000E+00  0.0000   0.0000E+00  0.0000
   2.2387E-05   2.6303E-05   0.0000E+00  0.0000   0.0000E+00  0.0000   0.0000E+00  0.0000   0.0000E+00  0.0000
   2.6303E-05   3.0903E-05   0.0000E+00  0.0000   0.0000E+00  0.0000   0.0000E+00  0.0000   0.0000E+00  0.0000
   3.0903E-05   3.6308E-05   0.0000E+00  0.0000   0.0000E+00  0.0000   0.0000E+00  0.0000   0.0000E+00  0.0000
   3.6308E-05   4.2658E-05   0.0000E+00  0.0000   0.0000E+00  0.0000   0.0000E+00  0.0000   0.0000E+00  0.0000
   4.2658E-05   5.0119E-05   0.0000E+00  0.0000   0.0000E+00  0.0000   0.0000E+00  0.0000   0.0000E+00  0.0000
   5.0119E-05   5.8884E-05   0.0000E+00  0.0000   0.0000E+00  0.0000   0.0000E+00  0.0000   0.0000E+00  0.0000
   5.8884E-05   6.9183E-05   0.0000E+00  0.0000   0.0000E+00  0.0000   0.0000E+00  0.0000   0.0000E+00  0.0000
   6.9183E-05   8.1283E-05   0.0000E+00  0.0000   0.0000E+00  0.0000   0.0000E+00  0.0000   0.0000E+00  0.0000
   8.1283E-05   9.5499E-05   0.0000E+00  0.0000   0.0000E+00  0.0000   0.0000E+00  0.0000   0.0000E+00  0.0000
   9.5499E-05   1.1220E-04   0.0000E+00  0.0000   0.0000E+00  0.0000   0.0000E+00  0.0000   0.0000E+00  0.0000
   1.1220E-04   1.3183E-04   0.0000E+00  0.0000   0.0000E+00  0.0000   0.0000E+00  0.0000   0.0000E+00  0.0000
   1.3183E-04   1.5488E-04   0.0000E+00  0.0000   0.0000E+00  0.0000   0.0000E+00  0.0000   0.0000E+00  0.0000
   1.5488E-04   1.8197E-04   0.0000E+00  0.0000   0.0000E+00  0.0000   0.0000E+00  0.0000   0.0000E+00  0.0000
   1.8197E-04   2.1380E-04   0.0000E+00  0.0000   0.0000E+00  0.0000   0.0000E+00  0.0000   0.0000E+00  0.0000
   2.1380E-04   2.5119E-04   0.0000E+00  0.0000   0.0000E+00  0.0000   0.0000E+00  0.0000   0.0000E+00  0.0000
   2.5119E-04   2.9512E-04   0.0000E+00  0.0000   0.0000E+00  0.0000   0.0000E+00  0.0000   0.0000E+00  0.0000
   2.9512E-04   3.4674E-04   0.0000E+00  0.0000   0.0000E+00  0.0000   0.0000E+00  0.0000   0.0000E+00  0.0000
   3.4674E-04   4.0738E-04   0.0000E+00  0.0000   0.0000E+00  0.0000   0.0000E+00  0.0000   0.0000E+00  0.0000
   4.0738E-04   4.7863E-04   0.0000E+00  0.0000   0.0000E+00  0.0000   0.0000E+00  0.0000   0.0000E+00  0.0000
   4.7863E-04   5.6234E-04   0.0000E+00  0.0000   0.0000E+00  0.0000   0.0000E+00  0.0000   0.0000E+00  0.0000
   5.6234E-04   6.6069E-04   0.0000E+00  0.0000   0.0000E+00  0.0000   0.0000E+00  0.0000   0.0000E+00  0.0000
   6.6069E-04   7.7625E-04   0.0000E+00  0.0000   0.0000E+00  0.0000   0.0000E+00  0.0000   0.0000E+00  0.0000
   7.7625E-04   9.1201E-04   0.0000E+00  0.0000   0.0000E+00  0.0000   0.0000E+00  0.0000   0.0000E+00  0.0000
   9.1201E-04   1.0715E-03   0.0000E+00  0.0000   0.0000E+00  0.0000   0.0000E+00  0.0000   0.0000E+00  0.0000
   1.0715E-03   1.2589E-03   2.0000E-08  0.7071   0.0000E+00  0.0000   0.0000E+00  0.0000   0.0000E+00  0.0000
   1.2589E-03   1.4791E-03   6.0000E-08  0.4082   0.0000E+00  0.0000   0.0000E+00  0.0000   0.0000E+00  0.0000
   1.4791E-03   1.7378E-03   2.0000E-08  0.7071   0.0000E+00  0.0000   0.0000E+00  0.0000   0.0000E+00  0.0000
   1.7378E-03   2.0417E-03   6.0000E-08  0.4082   0.0000E+00  0.0000   0.0000E+00  0.0000   0.0000E+00  0.0000
   2.0417E-03   2.3988E-03   2.0000E-08  0.7071   0.0000E+00  0.0000   0.0000E+00  0.0000   0.0000E+00  0.0000
   2.3988E-03   2.8184E-03   5.0000E-08  0.4472   0.0000E+00  0.0000   0.0000E+00  0.0000   0.0000E+00  0.0000
   2.8184E-03   3.3113E-03   9.0000E-08  0.3333   0.0000E+00  0.0000   0.0000E+00  0.0000   0.0000E+00  0.0000
   3.3113E-03   3.8905E-03   3.0000E-08  0.5774   0.0000E+00  0.0000   0.0000E+00  0.0000   0.0000E+00  0.0000
   3.8905E-03   4.5709E-03   1.0000E-07  0.3162   0.0000E+00  0.0000   0.0000E+00  0.0000   0.0000E+00  0.0000
   4.5709E-03   5.3703E-03   1.0000E-07  0.3162   0.0000E+00  0.0000   0.0000E+00  0.0000   0.0000E+00  0.0000
   5.3703E-03   6.3096E-03   1.5000E-07  0.2582   0.0000E+00  0.0000   0.0000E+00  0.0000   0.0000E+00  0.0000
   6.3096E-03   7.4131E-03   1.4000E-07  0.2673   0.0000E+00  0.0000   0.0000E+00  0.0000   0.0000E+00  0.0000
   7.4131E-03   8.7096E-03   1.7000E-07  0.2425   0.0000E+00  0.0000   0.0000E+00  0.0000   0.0000E+00  0.0000
   8.7096E-03   1.0233E-02   1.5000E-07  0.2582   0.0000E+00  0.0000   0.0000E+00  0.0000   0.0000E+00  0.0000
   1.0233E-02   1.2023E-02   2.0000E-07  0.2236   0.0000E+00  0.0000   0.0000E+00  0.0000   0.0000E+00  0.0000
   1.2023E-02   1.4125E-02   3.1000E-07  0.1796   0.0000E+00  0.0000   0.0000E+00  0.0000   0.0000E+00  0.0000
   1.4125E-02   1.6596E-02   3.3000E-07  0.1741   0.0000E+00  0.0000   0.0000E+00  0.0000   0.0000E+00  0.0000
   1.6596E-02   1.9498E-02   3.4000E-07  0.1715   0.0000E+00  0.0000   0.0000E+00  0.0000   0.0000E+00  0.0000
   1.9498E-02   2.2909E-02   4.6000E-07  0.1474   0.0000E+00  0.0000   0.0000E+00  0.0000   0.0000E+00  0.0000
   2.2909E-02   2.6915E-02   4.7000E-07  0.1459   0.0000E+00  0.0000   0.0000E+00  0.0000   0.0000E+00  0.0000
   2.6915E-02   3.1623E-02   4.2000E-07  0.1543   0.0000E+00  0.0000   0.0000E+00  0.0000   0.0000E+00  0.0000
   3.1623E-02   3.7154E-02   4.9000E-07  0.1429   0.0000E+00  0.0000   0.0000E+00  0.0000   0.0000E+00  0.0000
   3.7154E-02   4.3652E-02   3.7000E-07  0.1644   0.0000E+00  0.0000   0.0000E+00  0.0000   0.0000E+00  0.0000
   4.3652E-02   5.1286E-02   6.6000E-07  0.1231   0.0000E+00  0.0000   0.0000E+00  0.0000   0.0000E+00  0.0000
   5.1286E-02   6.0256E-02   5.3000E-07  0.1374   0.0000E+00  0.0000   0.0000E+00  0.0000   0.0000E+00  0.0000
   6.0256E-02   7.0795E-02   8.6000E-07  0.1078   0.0000E+00  0.0000   0.0000E+00  0.0000   0.0000E+00  0.0000
   7.0795E-02   8.3176E-02   8.7000E-07  0.1072   0.0000E+00  0.0000   0.0000E+00  0.0000   0.0000E+00  0.0000
   8.3176E-02   9.7724E-02   7.4000E-07  0.1162   0.0000E+00  0.0000   0.0000E+00  0.0000   0.0000E+00  0.0000
   9.7724E-02   1.1482E-01   9.0000E-07  0.1054   0.0000E+00  0.0000   0.0000E+00  0.0000   0.0000E+00  0.0000
   1.1482E-01   1.3490E-01   6.8000E-07  0.1213   0.0000E+00  0.0000   0.0000E+00  0.0000   0.0000E+00  0.0000
   1.3490E-01   1.5849E-01   6.2000E-07  0.1270   0.0000E+00  0.0000   0.0000E+00  0.0000   0.0000E+00  0.0000
   1.5849E-01   1.8621E-01   4.4000E-07  0.1508   0.0000E+00  0.0000   0.0000E+00  0.0000   0.0000E+00  0.0000
   1.8621E-01   2.1878E-01   5.2000E-07  0.1387   0.0000E+00  0.0000   0.0000E+00  0.0000   0.0000E+00  0.0000
   2.1878E-01   2.5704E-01   4.2000E-07  0.1543   0.0000E+00  0.0000   0.0000E+00  0.0000   0.0000E+00  0.0000
   2.5704E-01   3.0200E-01   3.5000E-07  0.1690   0.0000E+00  0.0000   0.0000E+00  0.0000   0.0000E+00  0.0000
   3.0200E-01   3.5481E-01   6.1000E-07  0.1280   0.0000E+00  0.0000   0.0000E+00  0.0000   0.0000E+00  0.0000
   3.5481E-01   4.1687E-01   6.0000E-07  0.1291   0.0000E+00  0.0000   0.0000E+00  0.0000   0.0000E+00  0.0000
   4.1687E-01   4.8978E-01   8.4000E-07  0.1091   0.0000E+00  0.0000   0.0000E+00  0.0000   0.0000E+00  0.0000
   4.8978E-01   5.7544E-01   9.9000E-07  0.1005   0.0000E+00  0.0000   0.0000E+00  0.0000   0.0000E+00  0.0000
   5.7544E-01   6.7608E-01   1.1400E-06  0.0937   0.0000E+00  0.0000   0.0000E+00  0.0000   0.0000E+00  0.0000
   6.7608E-01   7.9433E-01   1.4300E-06  0.0836   0.0000E+00  0.0000   0.0000E+00  0.0000   0.0000E+00  0.0000
   7.9433E-01   9.3325E-01   1.2000E-06  0.0913   0.0000E+00  0.0000   0.0000E+00  0.0000   0.0000E+00  0.0000
   9.3325E-01   1.0965E+00   1.0800E-06  0.0962   0.0000E+00  0.0000   0.0000E+00  0.0000   0.0000E+00  0.0000
   1.0965E+00   1.2882E+00   1.1900E-06  0.0917   0.0000E+00  0.0000   0.0000E+00  0.0000   0.0000E+00  0.0000
   1.2882E+00   1.5136E+00   1.1700E-06  0.0924   0.0000E+00  0.0000   0.0000E+00  0.0000   0.0000E+00  0.0000
   1.5136E+00   1.7783E+00   8.8000E-07  0.1066   0.0000E+00  0.0000   0.0000E+00  0.0000   0.0000E+00  0.0000
   1.7783E+00   2.0893E+00   5.5000E-07  0.1348   1.0000E-08  1.0000   0.0000E+00  0.0000   0.0000E+00  0.0000
   2.0893E+00   2.4547E+00   3.6000E-07  0.1667   0.0000E+00  0.0000   0.0000E+00  0.0000   0.0000E+00  0.0000
   2.4547E+00   2.8840E+00   1.1000E-07  0.3015   1.0000E-08  1.0000   0.0000E+00  0.0000   0.0000E+00  0.0000
   2.8840E+00   3.3884E+00   3.0000E-08  0.5774   2.0000E-08  0.7071   0.0000E+00  0.0000   3.0000E-08  0.5774
   3.3884E+00   3.9811E+00   5.0000E-08  0.4472   0.0000E+00  0.0000   0.0000E+00  0.0000   2.0000E-07  0.2236
   3.9811E+00   4.6774E+00   3.0000E-08  0.5774   2.0000E-08  0.7071   0.0000E+00  0.0000   3.8000E-07  0.1622
   4.6774E+00   5.4954E+00   1.2000E-07  0.2887   0.0000E+00  0.0000   0.0000E+00  0.0000   6.4000E-07  0.1250
   5.4954E+00   6.4565E+00   4.5000E-07  0.1491   0.0000E+00  0.0000   0.0000E+00  0.0000   6.6000E-07  0.1231
   6.4565E+00   7.5858E+00   1.3200E-06  0.0870   1.0000E-08  1.0000   0.0000E+00  0.0000   6.0000E-07  0.1291
   7.5858E+00   8.9125E+00   7.2000E-07  0.1179   0.0000E+00  0.0000   0.0000E+00  0.0000   2.1000E-07  0.2182
   8.9125E+00   1.0471E+01   2.2000E-07  0.2132   0.0000E+00  0.0000   0.0000E+00  0.0000   9.0000E-08  0.3333
   1.0471E+01   1.2303E+01   8.0000E-08  0.3536   0.0000E+00  0.0000   0.0000E+00  0.0000   5.0000E-08  0.4472
   1.2303E+01   1.4454E+01   4.0000E-08  0.5000   0.0000E+00  0.0000   0.0000E+00  0.0000   4.0000E-08  0.5000
   1.4454E+01   1.6982E+01   3.0000E-08  0.5774   0.0000E+00  0.0000   0.0000E+00  0.0000   0.0000E+00  0.0000
   1.6982E+01   1.9953E+01   0.0000E+00  0.0000   0.0000E+00  0.0000   0.0000E+00  0.0000   0.0000E+00  0.0000
   1.9953E+01   2.3442E+01   0.0000E+00  0.0000   0.0000E+00  0.0000   0.0000E+00  0.0000   0.0000E+00  0.0000
   2.3442E+01   2.7542E+01   0.0000E+00  0.0000   0.0000E+00  0.0000   0.0000E+00  0.0000   0.0000E+00  0.0000
   2.7542E+01   3.2359E+01   0.0000E+00  0.0000   0.0000E+00  0.0000   0.0000E+00  0.0000   0.0000E+00  0.0000
   3.2359E+01   3.8019E+01   0.0000E+00  0.0000   0.0000E+00  0.0000   0.0000E+00  0.0000   0.0000E+00  0.0000
   3.8019E+01   4.4668E+01   0.0000E+00  0.0000   0.0000E+00  0.0000   0.0000E+00  0.0000   0.0000E+00  0.0000
   4.4668E+01   5.2481E+01   0.0000E+00  0.0000   0.0000E+00  0.0000   0.0000E+00  0.0000   0.0000E+00  0.0000
   5.2481E+01   6.1660E+01   0.0000E+00  0.0000   0.0000E+00  0.0000   0.0000E+00  0.0000   0.0000E+00  0.0000
   6.1660E+01   7.2444E+01   0.0000E+00  0.0000   0.0000E+00  0.0000   0.0000E+00  0.0000   0.0000E+00  0.0000
   7.2444E+01   8.5114E+01   0.0000E+00  0.0000   0.0000E+00  0.0000   0.0000E+00  0.0000   0.0000E+00  0.0000
   8.5114E+01   1.0000E+02   0.0000E+00  0.0000   0.0000E+00  0.0000   0.0000E+00  0.0000   0.0000E+00  0.0000

#   sum over                 2.7380E-05  0.0191   7.0000E-08  0.3780   0.0000E+00  0.0000   2.9000E-06  0.0587

'no. =  1,  reg  =      2'
msuc: {\huge [t-deposit] in region mesh}
msdl: {\it plotted by \ANGEL \version}
msdr: {\it calculated by \PHITS  2.30}
wt: s(0.7)
\vspace{-3}
   vol  &=&   1.0000E+00 [cm^3]
e:
