[ T - C r o s s ]
    title = [t-cross] in region mesh
     mesh =  reg            # mesh type is region-wise
      reg =    5            # number of crossing regions
      non     r-in    r-out      area
        1     100     502      35042.79    
        2     100     504      28815.02    
        3     100     506      22611.10    
        4     100     508      14866.30    
        5     100     510      6108.349    
   e-type =    3            # e-mesh is log given by emin, emax and ne
     emin =   1.000000      # minimum value of e-mesh points
     emax =   10000.00      # maximum value of e-mesh points
#    edel =  0.1151293      # mesh width of e-mesh points
       ne =   80            # number of e-mesh points
#    data = ( e(i), i = 1, ne + 1 )
#           1.00000E+00  1.12202E+00  1.25893E+00  1.41254E+00  1.58489E+00
#           1.77828E+00  1.99526E+00  2.23872E+00  2.51189E+00  2.81838E+00
#           3.16228E+00  3.54813E+00  3.98107E+00  4.46684E+00  5.01187E+00
#           5.62341E+00  6.30957E+00  7.07946E+00  7.94328E+00  8.91251E+00
#           1.00000E+01  1.12202E+01  1.25893E+01  1.41254E+01  1.58489E+01
#           1.77828E+01  1.99526E+01  2.23872E+01  2.51189E+01  2.81838E+01
#           3.16228E+01  3.54813E+01  3.98107E+01  4.46684E+01  5.01187E+01
#           5.62341E+01  6.30957E+01  7.07946E+01  7.94328E+01  8.91251E+01
#           1.00000E+02  1.12202E+02  1.25893E+02  1.41254E+02  1.58489E+02
#           1.77828E+02  1.99526E+02  2.23872E+02  2.51189E+02  2.81838E+02
#           3.16228E+02  3.54813E+02  3.98107E+02  4.46684E+02  5.01187E+02
#           5.62341E+02  6.30957E+02  7.07946E+02  7.94328E+02  8.91251E+02
#           1.00000E+03  1.12202E+03  1.25893E+03  1.41254E+03  1.58489E+03
#           1.77828E+03  1.99526E+03  2.23872E+03  2.51189E+03  2.81838E+03
#           3.16228E+03  3.54813E+03  3.98107E+03  4.46684E+03  5.01187E+03
#           5.62341E+03  6.30957E+03  7.07946E+03  7.94328E+03  8.91251E+03
#           1.00000E+04
     unit =    2            # unit is [1/cm^2/MeV/source]
     axis =  eng            # axis of output
     file = flux_neutron.dat  # file name of output for the above axis
   output = flux            # surface crossing flux
     part =  neutron  
# kf/name :  2112     
   epsout =    1            # (D=0) generate eps file by ANGEL
#    used :        main (  %)        temp (  %)       total (  %)
#  memory :         922 (  0)         882 (  0)        1804 (  0)

#------------------------------------------------------------------------------
#newpage:
#   no. =    1   reg = 100 - 502

x: Energy [MeV]
y:   Flux  [1/cm^2/MeV/source]             
p: xlog ylog afac(0.8) form(0.9)
h: n            x            y(neutron ),hh0l  n  
#  e-lower      e-upper         flux     r.err 
   1.0000E+00   1.1220E+00   7.2631E-08  0.0129
   1.1220E+00   1.2589E+00   7.3976E-08  0.0119
   1.2589E+00   1.4125E+00   7.1558E-08  0.0115
   1.4125E+00   1.5849E+00   6.8393E-08  0.0111
   1.5849E+00   1.7783E+00   6.3771E-08  0.0108
   1.7783E+00   1.9953E+00   6.1776E-08  0.0103
   1.9953E+00   2.2387E+00   5.5636E-08  0.0103
   2.2387E+00   2.5119E+00   5.2161E-08  0.0104
   2.5119E+00   2.8184E+00   4.6452E-08  0.0100
   2.8184E+00   3.1623E+00   4.2338E-08  0.0099
   3.1623E+00   3.5481E+00   3.7801E-08  0.0099
   3.5481E+00   3.9811E+00   3.3721E-08  0.0099
   3.9811E+00   4.4668E+00   3.1235E-08  0.0097
   4.4668E+00   5.0119E+00   2.7446E-08  0.0098
   5.0119E+00   5.6234E+00   2.3697E-08  0.0099
   5.6234E+00   6.3096E+00   2.1370E-08  0.0099
   6.3096E+00   7.0795E+00   1.8561E-08  0.0100
   7.0795E+00   7.9433E+00   1.5337E-08  0.0104
   7.9433E+00   8.9125E+00   1.3393E-08  0.0105
   8.9125E+00   1.0000E+01   1.1767E-08  0.0105
   1.0000E+01   1.1220E+01   1.0072E-08  0.0107
   1.1220E+01   1.2589E+01   8.6513E-09  0.0109
   1.2589E+01   1.4125E+01   7.3634E-09  0.0112
   1.4125E+01   1.5849E+01   6.3403E-09  0.0114
   1.5849E+01   1.7783E+01   5.4219E-09  0.0117
   1.7783E+01   1.9953E+01   4.6318E-09  0.0119
   1.9953E+01   2.2387E+01   4.0979E-09  0.0120
   2.2387E+01   2.5119E+01   3.4517E-09  0.0123
   2.5119E+01   2.8184E+01   3.0823E-09  0.0123
   2.8184E+01   3.1623E+01   2.6674E-09  0.0125
   3.1623E+01   3.5481E+01   2.3629E-09  0.0125
   3.5481E+01   3.9811E+01   2.1232E-09  0.0125
   3.9811E+01   4.4668E+01   1.8563E-09  0.0126
   4.4668E+01   5.0119E+01   1.6174E-09  0.0127
   5.0119E+01   5.6234E+01   1.4697E-09  0.0126
   5.6234E+01   6.3096E+01   1.3062E-09  0.0126
   6.3096E+01   7.0795E+01   1.1500E-09  0.0127
   7.0795E+01   7.9433E+01   9.7246E-10  0.0130
   7.9433E+01   8.9125E+01   8.2935E-10  0.0133
   8.9125E+01   1.0000E+02   7.0028E-10  0.0137
   1.0000E+02   1.1220E+02   5.6212E-10  0.0144
   1.1220E+02   1.2589E+02   4.3917E-10  0.0154
   1.2589E+02   1.4125E+02   3.1796E-10  0.0171
   1.4125E+02   1.5849E+02   2.2795E-10  0.0191
   1.5849E+02   1.7783E+02   1.5727E-10  0.0217
   1.7783E+02   1.9953E+02   1.1381E-10  0.0240
   1.9953E+02   2.2387E+02   7.1165E-11  0.0287
   2.2387E+02   2.5119E+02   4.3065E-11  0.0348
   2.5119E+02   2.8184E+02   2.3231E-11  0.0448
   2.8184E+02   3.1623E+02   1.2447E-11  0.0577
   3.1623E+02   3.5481E+02   5.0661E-12  0.0854
   3.5481E+02   3.9811E+02   1.9445E-12  0.1302
   3.9811E+02   4.4668E+02   8.5181E-13  0.1857
   4.4668E+02   5.0119E+02   2.3561E-13  0.3333
   5.0119E+02   5.6234E+02   6.9995E-14  0.5774
   5.6234E+02   6.3096E+02   4.1589E-14  0.7071
   6.3096E+02   7.0795E+02   0.0000E+00  0.0000
   7.0795E+02   7.9433E+02   0.0000E+00  0.0000
   7.9433E+02   8.9125E+02   0.0000E+00  0.0000
   8.9125E+02   1.0000E+03   0.0000E+00  0.0000
   1.0000E+03   1.1220E+03   0.0000E+00  0.0000
   1.1220E+03   1.2589E+03   0.0000E+00  0.0000
   1.2589E+03   1.4125E+03   0.0000E+00  0.0000
   1.4125E+03   1.5849E+03   0.0000E+00  0.0000
   1.5849E+03   1.7783E+03   0.0000E+00  0.0000
   1.7783E+03   1.9953E+03   0.0000E+00  0.0000
   1.9953E+03   2.2387E+03   0.0000E+00  0.0000
   2.2387E+03   2.5119E+03   0.0000E+00  0.0000
   2.5119E+03   2.8184E+03   0.0000E+00  0.0000
   2.8184E+03   3.1623E+03   0.0000E+00  0.0000
   3.1623E+03   3.5481E+03   0.0000E+00  0.0000
   3.5481E+03   3.9811E+03   0.0000E+00  0.0000
   3.9811E+03   4.4668E+03   0.0000E+00  0.0000
   4.4668E+03   5.0119E+03   0.0000E+00  0.0000
   5.0119E+03   5.6234E+03   0.0000E+00  0.0000
   5.6234E+03   6.3096E+03   0.0000E+00  0.0000
   6.3096E+03   7.0795E+03   0.0000E+00  0.0000
   7.0795E+03   7.9433E+03   0.0000E+00  0.0000
   7.9433E+03   8.9125E+03   0.0000E+00  0.0000
   8.9125E+03   1.0000E+04   0.0000E+00  0.0000

#   sum over                 4.8941E-07  0.0017
'no. =    1   reg = 100 - 502'
msuc: {\huge [t-cross] in region mesh}
msdl: {\it plotted by \ANGEL \version}
msdr: {\it calculated by \PHITS  2.30}
wt: s(0.7)
\vspace{-3}
  region surface crossing
  area  &=&   3.5043E+04 [cm^2]
e:

#------------------------------------------------------------------------------
 newpage:
#   no. =    2   reg = 100 - 504

x: Energy [MeV]
y:   Flux  [1/cm^2/MeV/source]             
p: xlog ylog afac(0.8) form(0.9)
h: n            x            y(neutron ),hh0l  n  
#  e-lower      e-upper         flux     r.err 
   1.0000E+00   1.1220E+00   7.4332E-08  0.0139
   1.1220E+00   1.2589E+00   7.5340E-08  0.0131
   1.2589E+00   1.4125E+00   7.3393E-08  0.0124
   1.4125E+00   1.5849E+00   7.1803E-08  0.0119
   1.5849E+00   1.7783E+00   6.9309E-08  0.0114
   1.7783E+00   1.9953E+00   6.4815E-08  0.0111
   1.9953E+00   2.2387E+00   5.8905E-08  0.0110
   2.2387E+00   2.5119E+00   5.5967E-08  0.0107
   2.5119E+00   2.8184E+00   4.9949E-08  0.0107
   2.8184E+00   3.1623E+00   4.5875E-08  0.0105
   3.1623E+00   3.5481E+00   4.1721E-08  0.0104
   3.5481E+00   3.9811E+00   3.7511E-08  0.0103
   3.9811E+00   4.4668E+00   3.3633E-08  0.0103
   4.4668E+00   5.0119E+00   3.0085E-08  0.0103
   5.0119E+00   5.6234E+00   2.6713E-08  0.0103
   5.6234E+00   6.3096E+00   2.3551E-08  0.0104
   6.3096E+00   7.0795E+00   2.0640E-08  0.0104
   7.0795E+00   7.9433E+00   1.7880E-08  0.0106
   7.9433E+00   8.9125E+00   1.5327E-08  0.0108
   8.9125E+00   1.0000E+01   1.3474E-08  0.0109
   1.0000E+01   1.1220E+01   1.1539E-08  0.0111
   1.1220E+01   1.2589E+01   1.0177E-08  0.0111
   1.2589E+01   1.4125E+01   8.7944E-09  0.0113
   1.4125E+01   1.5849E+01   7.5445E-09  0.0115
   1.5849E+01   1.7783E+01   6.6080E-09  0.0117
   1.7783E+01   1.9953E+01   5.7750E-09  0.0118
   1.9953E+01   2.2387E+01   4.9841E-09  0.0120
   2.2387E+01   2.5119E+01   4.2873E-09  0.0122
   2.5119E+01   2.8184E+01   3.7386E-09  0.0124
   2.8184E+01   3.1623E+01   3.4221E-09  0.0122
   3.1623E+01   3.5481E+01   3.0219E-09  0.0122
   3.5481E+01   3.9811E+01   2.7839E-09  0.0121
   3.9811E+01   4.4668E+01   2.5273E-09  0.0119
   4.4668E+01   5.0119E+01   2.2497E-09  0.0119
   5.0119E+01   5.6234E+01   2.0887E-09  0.0117
   5.6234E+01   6.3096E+01   1.8414E-09  0.0117
   6.3096E+01   7.0795E+01   1.7118E-09  0.0115
   7.0795E+01   7.9433E+01   1.5323E-09  0.0115
   7.9433E+01   8.9125E+01   1.3866E-09  0.0114
   8.9125E+01   1.0000E+02   1.2309E-09  0.0114
   1.0000E+02   1.1220E+02   1.0759E-09  0.0115
   1.1220E+02   1.2589E+02   9.5163E-10  0.0116
   1.2589E+02   1.4125E+02   8.2427E-10  0.0117
   1.4125E+02   1.5849E+02   7.0288E-10  0.0120
   1.5849E+02   1.7783E+02   6.0725E-10  0.0122
   1.7783E+02   1.9953E+02   5.0143E-10  0.0126
   1.9953E+02   2.2387E+02   4.3516E-10  0.0128
   2.2387E+02   2.5119E+02   3.4300E-10  0.0136
   2.5119E+02   2.8184E+02   2.6793E-10  0.0145
   2.8184E+02   3.1623E+02   2.0323E-10  0.0158
   3.1623E+02   3.5481E+02   1.3483E-10  0.0183
   3.5481E+02   3.9811E+02   8.7214E-11  0.0214
   3.9811E+02   4.4668E+02   5.2264E-11  0.0261
   4.4668E+02   5.0119E+02   3.0151E-11  0.0325
   5.0119E+02   5.6234E+02   1.7196E-11  0.0406
   5.6234E+02   6.3096E+02   9.4580E-12  0.0517
   6.3096E+02   7.0795E+02   4.6885E-12  0.0693
   7.0795E+02   7.9433E+02   2.0891E-12  0.0981
   7.9433E+02   8.9125E+02   4.1177E-13  0.2085
   8.9125E+02   1.0000E+03   1.5956E-14  1.0000
   1.0000E+03   1.1220E+03   0.0000E+00  0.0000
   1.1220E+03   1.2589E+03   0.0000E+00  0.0000
   1.2589E+03   1.4125E+03   0.0000E+00  0.0000
   1.4125E+03   1.5849E+03   0.0000E+00  0.0000
   1.5849E+03   1.7783E+03   0.0000E+00  0.0000
   1.7783E+03   1.9953E+03   0.0000E+00  0.0000
   1.9953E+03   2.2387E+03   0.0000E+00  0.0000
   2.2387E+03   2.5119E+03   0.0000E+00  0.0000
   2.5119E+03   2.8184E+03   0.0000E+00  0.0000
   2.8184E+03   3.1623E+03   0.0000E+00  0.0000
   3.1623E+03   3.5481E+03   0.0000E+00  0.0000
   3.5481E+03   3.9811E+03   0.0000E+00  0.0000
   3.9811E+03   4.4668E+03   0.0000E+00  0.0000
   4.4668E+03   5.0119E+03   0.0000E+00  0.0000
   5.0119E+03   5.6234E+03   0.0000E+00  0.0000
   5.6234E+03   6.3096E+03   0.0000E+00  0.0000
   6.3096E+03   7.0795E+03   0.0000E+00  0.0000
   7.0795E+03   7.9433E+03   0.0000E+00  0.0000
   7.9433E+03   8.9125E+03   0.0000E+00  0.0000
   8.9125E+03   1.0000E+04   0.0000E+00  0.0000

#   sum over                 6.6760E-07  0.0016
'no. =    2   reg = 100 - 504'
msuc: {\huge [t-cross] in region mesh}
msdl: {\it plotted by \ANGEL \version}
msdr: {\it calculated by \PHITS  2.30}
wt: s(0.7)
\vspace{-3}
  region surface crossing
  area  &=&   2.8815E+04 [cm^2]
e:

#------------------------------------------------------------------------------
 newpage:
#   no. =    3   reg = 100 - 506

x: Energy [MeV]
y:   Flux  [1/cm^2/MeV/source]             
p: xlog ylog afac(0.8) form(0.9)
h: n            x            y(neutron ),hh0l  n  
#  e-lower      e-upper         flux     r.err 
   1.0000E+00   1.1220E+00   7.6492E-08  0.0155
   1.1220E+00   1.2589E+00   7.8426E-08  0.0145
   1.2589E+00   1.4125E+00   7.5385E-08  0.0140
   1.4125E+00   1.5849E+00   7.0953E-08  0.0135
   1.5849E+00   1.7783E+00   7.0606E-08  0.0128
   1.7783E+00   1.9953E+00   6.6170E-08  0.0125
   1.9953E+00   2.2387E+00   6.0396E-08  0.0123
   2.2387E+00   2.5119E+00   5.7106E-08  0.0120
   2.5119E+00   2.8184E+00   5.1557E-08  0.0118
   2.8184E+00   3.1623E+00   4.7569E-08  0.0117
   3.1623E+00   3.5481E+00   4.3355E-08  0.0115
   3.5481E+00   3.9811E+00   3.8118E-08  0.0116
   3.9811E+00   4.4668E+00   3.4519E-08  0.0115
   4.4668E+00   5.0119E+00   3.1078E-08  0.0114
   5.0119E+00   5.6234E+00   2.7620E-08  0.0115
   5.6234E+00   6.3096E+00   2.4452E-08  0.0115
   6.3096E+00   7.0795E+00   2.1566E-08  0.0116
   7.0795E+00   7.9433E+00   1.8451E-08  0.0118
   7.9433E+00   8.9125E+00   1.6420E-08  0.0118
   8.9125E+00   1.0000E+01   1.3998E-08  0.0121
   1.0000E+01   1.1220E+01   1.2475E-08  0.0120
   1.1220E+01   1.2589E+01   1.0525E-08  0.0124
   1.2589E+01   1.4125E+01   9.1777E-09  0.0125
   1.4125E+01   1.5849E+01   8.0740E-09  0.0126
   1.5849E+01   1.7783E+01   6.9176E-09  0.0129
   1.7783E+01   1.9953E+01   5.8354E-09  0.0133
   1.9953E+01   2.2387E+01   5.3093E-09  0.0131
   2.2387E+01   2.5119E+01   4.6183E-09  0.0133
   2.5119E+01   2.8184E+01   4.0466E-09  0.0134
   2.8184E+01   3.1623E+01   3.6860E-09  0.0133
   3.1623E+01   3.5481E+01   3.2229E-09  0.0134
   3.5481E+01   3.9811E+01   3.0067E-09  0.0131
   3.9811E+01   4.4668E+01   2.6933E-09  0.0131
   4.4668E+01   5.0119E+01   2.5097E-09  0.0128
   5.0119E+01   5.6234E+01   2.2309E-09  0.0128
   5.6234E+01   6.3096E+01   2.0344E-09  0.0126
   6.3096E+01   7.0795E+01   1.8914E-09  0.0124
   7.0795E+01   7.9433E+01   1.7248E-09  0.0122
   7.9433E+01   8.9125E+01   1.5906E-09  0.0120
   8.9125E+01   1.0000E+02   1.4159E-09  0.0120
   1.0000E+02   1.1220E+02   1.3163E-09  0.0118
   1.1220E+02   1.2589E+02   1.1371E-09  0.0119
   1.2589E+02   1.4125E+02   1.0084E-09  0.0120
   1.4125E+02   1.5849E+02   8.9143E-10  0.0120
   1.5849E+02   1.7783E+02   8.0119E-10  0.0120
   1.7783E+02   1.9953E+02   7.0419E-10  0.0120
   1.9953E+02   2.2387E+02   6.0440E-10  0.0123
   2.2387E+02   2.5119E+02   5.2558E-10  0.0124
   2.5119E+02   2.8184E+02   4.5521E-10  0.0126
   2.8184E+02   3.1623E+02   3.9161E-10  0.0128
   3.1623E+02   3.5481E+02   3.2639E-10  0.0133
   3.5481E+02   3.9811E+02   2.6350E-10  0.0139
   3.9811E+02   4.4668E+02   2.0366E-10  0.0150
   4.4668E+02   5.0119E+02   1.5111E-10  0.0164
   5.0119E+02   5.6234E+02   1.1163E-10  0.0180
   5.6234E+02   6.3096E+02   6.9328E-11  0.0216
   6.3096E+02   7.0795E+02   4.1619E-11  0.0263
   7.0795E+02   7.9433E+02   2.7111E-11  0.0307
   7.9433E+02   8.9125E+02   1.5948E-11  0.0378
   8.9125E+02   1.0000E+03   4.3922E-12  0.0680
   1.0000E+03   1.1220E+03   2.8996E-13  0.2500
   1.1220E+03   1.2589E+03   0.0000E+00  0.0000
   1.2589E+03   1.4125E+03   0.0000E+00  0.0000
   1.4125E+03   1.5849E+03   0.0000E+00  0.0000
   1.5849E+03   1.7783E+03   0.0000E+00  0.0000
   1.7783E+03   1.9953E+03   0.0000E+00  0.0000
   1.9953E+03   2.2387E+03   0.0000E+00  0.0000
   2.2387E+03   2.5119E+03   0.0000E+00  0.0000
   2.5119E+03   2.8184E+03   0.0000E+00  0.0000
   2.8184E+03   3.1623E+03   0.0000E+00  0.0000
   3.1623E+03   3.5481E+03   0.0000E+00  0.0000
   3.5481E+03   3.9811E+03   0.0000E+00  0.0000
   3.9811E+03   4.4668E+03   0.0000E+00  0.0000
   4.4668E+03   5.0119E+03   0.0000E+00  0.0000
   5.0119E+03   5.6234E+03   0.0000E+00  0.0000
   5.6234E+03   6.3096E+03   0.0000E+00  0.0000
   6.3096E+03   7.0795E+03   0.0000E+00  0.0000
   7.0795E+03   7.9433E+03   0.0000E+00  0.0000
   7.9433E+03   8.9125E+03   0.0000E+00  0.0000
   8.9125E+03   1.0000E+04   0.0000E+00  0.0000

#   sum over                 7.8411E-07  0.0017
'no. =    3   reg = 100 - 506'
msuc: {\huge [t-cross] in region mesh}
msdl: {\it plotted by \ANGEL \version}
msdr: {\it calculated by \PHITS  2.30}
wt: s(0.7)
\vspace{-3}
  region surface crossing
  area  &=&   2.2611E+04 [cm^2]
e:

#------------------------------------------------------------------------------
 newpage:
#   no. =    4   reg = 100 - 508

x: Energy [MeV]
y:   Flux  [1/cm^2/MeV/source]             
p: xlog ylog afac(0.8) form(0.9)
h: n            x            y(neutron ),hh0l  n  
#  e-lower      e-upper         flux     r.err 
   1.0000E+00   1.1220E+00   7.9042E-08  0.0188
   1.1220E+00   1.2589E+00   8.1269E-08  0.0175
   1.2589E+00   1.4125E+00   7.9647E-08  0.0167
   1.4125E+00   1.5849E+00   7.4931E-08  0.0162
   1.5849E+00   1.7783E+00   7.2906E-08  0.0156
   1.7783E+00   1.9953E+00   6.8494E-08  0.0152
   1.9953E+00   2.2387E+00   6.2228E-08  0.0150
   2.2387E+00   2.5119E+00   5.8795E-08  0.0145
   2.5119E+00   2.8184E+00   5.4870E-08  0.0142
   2.8184E+00   3.1623E+00   4.9515E-08  0.0141
   3.1623E+00   3.5481E+00   4.4136E-08  0.0142
   3.5481E+00   3.9811E+00   4.0437E-08  0.0140
   3.9811E+00   4.4668E+00   3.7080E-08  0.0138
   4.4668E+00   5.0119E+00   3.3186E-08  0.0137
   5.0119E+00   5.6234E+00   2.9087E-08  0.0138
   5.6234E+00   6.3096E+00   2.6832E-08  0.0137
   6.3096E+00   7.0795E+00   2.3161E-08  0.0139
   7.0795E+00   7.9433E+00   2.0064E-08  0.0140
   7.9433E+00   8.9125E+00   1.7851E-08  0.0140
   8.9125E+00   1.0000E+01   1.5772E-08  0.0140
   1.0000E+01   1.1220E+01   1.3243E-08  0.0146
   1.1220E+01   1.2589E+01   1.1608E-08  0.0146
   1.2589E+01   1.4125E+01   1.0436E-08  0.0146
   1.4125E+01   1.5849E+01   9.0445E-09  0.0149
   1.5849E+01   1.7783E+01   7.6800E-09  0.0152
   1.7783E+01   1.9953E+01   6.6352E-09  0.0154
   1.9953E+01   2.2387E+01   6.2376E-09  0.0152
   2.2387E+01   2.5119E+01   5.2832E-09  0.0154
   2.5119E+01   2.8184E+01   4.6391E-09  0.0155
   2.8184E+01   3.1623E+01   4.0664E-09  0.0157
   3.1623E+01   3.5481E+01   3.6213E-09  0.0157
   3.5481E+01   3.9811E+01   3.3856E-09  0.0153
   3.9811E+01   4.4668E+01   3.0307E-09  0.0153
   4.4668E+01   5.0119E+01   2.7875E-09  0.0150
   5.0119E+01   5.6234E+01   2.5251E-09  0.0149
   5.6234E+01   6.3096E+01   2.3589E-09  0.0145
   6.3096E+01   7.0795E+01   2.1718E-09  0.0143
   7.0795E+01   7.9433E+01   1.9838E-09  0.0141
   7.9433E+01   8.9125E+01   1.8294E-09  0.0139
   8.9125E+01   1.0000E+02   1.6775E-09  0.0137
   1.0000E+02   1.1220E+02   1.5395E-09  0.0135
   1.1220E+02   1.2589E+02   1.4191E-09  0.0133
   1.2589E+02   1.4125E+02   1.2702E-09  0.0132
   1.4125E+02   1.5849E+02   1.1729E-09  0.0130
   1.5849E+02   1.7783E+02   1.0537E-09  0.0129
   1.7783E+02   1.9953E+02   9.5771E-10  0.0127
   1.9953E+02   2.2387E+02   8.4376E-10  0.0128
   2.2387E+02   2.5119E+02   7.4387E-10  0.0129
   2.5119E+02   2.8184E+02   6.8134E-10  0.0127
   2.8184E+02   3.1623E+02   5.9440E-10  0.0128
   3.1623E+02   3.5481E+02   5.3860E-10  0.0127
   3.5481E+02   3.9811E+02   4.9192E-10  0.0126
   3.9811E+02   4.4668E+02   4.3893E-10  0.0126
   4.4668E+02   5.0119E+02   4.0089E-10  0.0124
   5.0119E+02   5.6234E+02   3.5918E-10  0.0124
   5.6234E+02   6.3096E+02   3.1642E-10  0.0124
   6.3096E+02   7.0795E+02   2.2824E-10  0.0138
   7.0795E+02   7.9433E+02   1.5487E-10  0.0159
   7.9433E+02   8.9125E+02   1.4739E-10  0.0153
   8.9125E+02   1.0000E+03   1.3200E-10  0.0153
   1.0000E+03   1.1220E+03   4.0740E-11  0.0260
   1.1220E+03   1.2589E+03   3.1936E-13  0.2774
   1.2589E+03   1.4125E+03   0.0000E+00  0.0000
   1.4125E+03   1.5849E+03   0.0000E+00  0.0000
   1.5849E+03   1.7783E+03   0.0000E+00  0.0000
   1.7783E+03   1.9953E+03   0.0000E+00  0.0000
   1.9953E+03   2.2387E+03   0.0000E+00  0.0000
   2.2387E+03   2.5119E+03   0.0000E+00  0.0000
   2.5119E+03   2.8184E+03   0.0000E+00  0.0000
   2.8184E+03   3.1623E+03   0.0000E+00  0.0000
   3.1623E+03   3.5481E+03   0.0000E+00  0.0000
   3.5481E+03   3.9811E+03   0.0000E+00  0.0000
   3.9811E+03   4.4668E+03   0.0000E+00  0.0000
   4.4668E+03   5.0119E+03   0.0000E+00  0.0000
   5.0119E+03   5.6234E+03   0.0000E+00  0.0000
   5.6234E+03   6.3096E+03   0.0000E+00  0.0000
   6.3096E+03   7.0795E+03   0.0000E+00  0.0000
   7.0795E+03   7.9433E+03   0.0000E+00  0.0000
   7.9433E+03   8.9125E+03   0.0000E+00  0.0000
   8.9125E+03   1.0000E+04   0.0000E+00  0.0000

#   sum over                 1.0220E-06  0.0018
'no. =    4   reg = 100 - 508'
msuc: {\huge [t-cross] in region mesh}
msdl: {\it plotted by \ANGEL \version}
msdr: {\it calculated by \PHITS  2.30}
wt: s(0.7)
\vspace{-3}
  region surface crossing
  area  &=&   1.4866E+04 [cm^2]
e:

#------------------------------------------------------------------------------
 newpage:
#   no. =    5   reg = 100 - 510

x: Energy [MeV]
y:   Flux  [1/cm^2/MeV/source]             
p: xlog ylog afac(0.8) form(0.9)
h: n            x            y(neutron ),hh0l  n  
#  e-lower      e-upper         flux     r.err 
   1.0000E+00   1.1220E+00   7.8539E-08  0.0296
   1.1220E+00   1.2589E+00   8.4917E-08  0.0268
   1.2589E+00   1.4125E+00   8.0228E-08  0.0260
   1.4125E+00   1.5849E+00   7.6895E-08  0.0253
   1.5849E+00   1.7783E+00   7.5254E-08  0.0244
   1.7783E+00   1.9953E+00   7.1735E-08  0.0237
   1.9953E+00   2.2387E+00   6.8448E-08  0.0224
   2.2387E+00   2.5119E+00   6.0746E-08  0.0227
   2.5119E+00   2.8184E+00   5.8611E-08  0.0219
   2.8184E+00   3.1623E+00   5.2526E-08  0.0215
   3.1623E+00   3.5481E+00   4.9337E-08  0.0213
   3.5481E+00   3.9811E+00   4.2319E-08  0.0216
   3.9811E+00   4.4668E+00   4.1175E-08  0.0208
   4.4668E+00   5.0119E+00   3.5581E-08  0.0208
   5.0119E+00   5.6234E+00   3.1580E-08  0.0210
   5.6234E+00   6.3096E+00   2.8002E-08  0.0214
   6.3096E+00   7.0795E+00   2.5439E-08  0.0207
   7.0795E+00   7.9433E+00   2.2176E-08  0.0213
   7.9433E+00   8.9125E+00   2.0252E-08  0.0207
   8.9125E+00   1.0000E+01   1.7667E-08  0.0219
   1.0000E+01   1.1220E+01   1.6070E-08  0.0209
   1.1220E+01   1.2589E+01   1.4236E-08  0.0214
   1.2589E+01   1.4125E+01   1.1665E-08  0.0217
   1.4125E+01   1.5849E+01   1.0237E-08  0.0220
   1.5849E+01   1.7783E+01   9.3668E-09  0.0219
   1.7783E+01   1.9953E+01   8.0475E-09  0.0220
   1.9953E+01   2.2387E+01   7.1396E-09  0.0226
   2.2387E+01   2.5119E+01   6.2175E-09  0.0237
   2.5119E+01   2.8184E+01   5.8717E-09  0.0222
   2.8184E+01   3.1623E+01   5.3378E-09  0.0220
   3.1623E+01   3.5481E+01   4.8473E-09  0.0218
   3.5481E+01   3.9811E+01   4.4336E-09  0.0217
   3.9811E+01   4.4668E+01   3.8727E-09  0.0216
   4.4668E+01   5.0119E+01   3.3844E-09  0.0218
   5.0119E+01   5.6234E+01   3.3369E-09  0.0206
   5.6234E+01   6.3096E+01   3.0429E-09  0.0204
   6.3096E+01   7.0795E+01   2.6041E-09  0.0212
   7.0795E+01   7.9433E+01   2.5646E-09  0.0201
   7.9433E+01   8.9125E+01   2.2870E-09  0.0196
   8.9125E+01   1.0000E+02   2.0260E-09  0.0198
   1.0000E+02   1.1220E+02   1.8385E-09  0.0195
   1.1220E+02   1.2589E+02   1.6938E-09  0.0191
   1.2589E+02   1.4125E+02   1.5823E-09  0.0189
   1.4125E+02   1.5849E+02   1.4103E-09  0.0209
   1.5849E+02   1.7783E+02   1.3103E-09  0.0182
   1.7783E+02   1.9953E+02   1.2474E-09  0.0176
   1.9953E+02   2.2387E+02   1.1951E-09  0.0169
   2.2387E+02   2.5119E+02   1.0729E-09  0.0168
   2.5119E+02   2.8184E+02   1.0347E-09  0.0161
   2.8184E+02   3.1623E+02   9.6216E-10  0.0158
   3.1623E+02   3.5481E+02   8.8647E-10  0.0155
   3.5481E+02   3.9811E+02   8.2746E-10  0.0151
   3.9811E+02   4.4668E+02   7.7829E-10  0.0147
   4.4668E+02   5.0119E+02   7.5646E-10  0.0141
   5.0119E+02   5.6234E+02   7.3220E-10  0.0135
   5.6234E+02   6.3096E+02   6.6926E-10  0.0134
   6.3096E+02   7.0795E+02   6.4705E-10  0.0128
   7.0795E+02   7.9433E+02   7.0756E-10  0.0116
   7.9433E+02   8.9125E+02   6.0657E-10  0.0118
   8.9125E+02   1.0000E+03   3.0187E-10  0.0158
   1.0000E+03   1.1220E+03   7.0562E-10  0.0097
   1.1220E+03   1.2589E+03   4.9547E-10  0.0110
   1.2589E+03   1.4125E+03   0.0000E+00  0.0000
   1.4125E+03   1.5849E+03   0.0000E+00  0.0000
   1.5849E+03   1.7783E+03   0.0000E+00  0.0000
   1.7783E+03   1.9953E+03   0.0000E+00  0.0000
   1.9953E+03   2.2387E+03   0.0000E+00  0.0000
   2.2387E+03   2.5119E+03   0.0000E+00  0.0000
   2.5119E+03   2.8184E+03   0.0000E+00  0.0000
   2.8184E+03   3.1623E+03   0.0000E+00  0.0000
   3.1623E+03   3.5481E+03   0.0000E+00  0.0000
   3.5481E+03   3.9811E+03   0.0000E+00  0.0000
   3.9811E+03   4.4668E+03   0.0000E+00  0.0000
   4.4668E+03   5.0119E+03   0.0000E+00  0.0000
   5.0119E+03   5.6234E+03   0.0000E+00  0.0000
   5.6234E+03   6.3096E+03   0.0000E+00  0.0000
   6.3096E+03   7.0795E+03   0.0000E+00  0.0000
   7.0795E+03   7.9433E+03   0.0000E+00  0.0000
   7.9433E+03   8.9125E+03   0.0000E+00  0.0000
   8.9125E+03   1.0000E+04   0.0000E+00  0.0000

#   sum over                 1.5889E-06  0.0023
'no. =    5   reg = 100 - 510'
msuc: {\huge [t-cross] in region mesh}
msdl: {\it plotted by \ANGEL \version}
msdr: {\it calculated by \PHITS  2.30}
wt: s(0.7)
\vspace{-3}
  region surface crossing
  area  &=&   6.1083E+03 [cm^2]
e:
