[ T - T r a c k ]
    title = [t-track] in xyz mesh
     mesh =  xyz            # mesh type is xyz scoring mesh
   x-type =    1            # x-mesh is given by the below data
       nx =    1            # number of x-mesh points
#    data = ( x(i), i = 1, nx + 1 )
           -2.00000E+01  2.00000E+01
   y-type =    2            # y-mesh is linear given by ymin, ymax and ny
     ymin =  -20.00000      # minimum value of y-mesh points
     ymax =   20.00000      # maximum value of y-mesh points
#    ydel =  0.5000000      # mesh width of y-mesh points
       ny =   80            # number of y-mesh points
#    data = ( y(i), i = 1, ny + 1 )
#          -2.00000E+01 -1.95000E+01 -1.90000E+01 -1.85000E+01 -1.80000E+01
#          -1.75000E+01 -1.70000E+01 -1.65000E+01 -1.60000E+01 -1.55000E+01
#          -1.50000E+01 -1.45000E+01 -1.40000E+01 -1.35000E+01 -1.30000E+01
#          -1.25000E+01 -1.20000E+01 -1.15000E+01 -1.10000E+01 -1.05000E+01
#          -1.00000E+01 -9.50000E+00 -9.00000E+00 -8.50000E+00 -8.00000E+00
#          -7.50000E+00 -7.00000E+00 -6.50000E+00 -6.00000E+00 -5.50000E+00
#          -5.00000E+00 -4.50000E+00 -4.00000E+00 -3.50000E+00 -3.00000E+00
#          -2.50000E+00 -2.00000E+00 -1.50000E+00 -1.00000E+00 -5.00000E-01
#           0.00000E+00  5.00000E-01  1.00000E+00  1.50000E+00  2.00000E+00
#           2.50000E+00  3.00000E+00  3.50000E+00  4.00000E+00  4.50000E+00
#           5.00000E+00  5.50000E+00  6.00000E+00  6.50000E+00  7.00000E+00
#           7.50000E+00  8.00000E+00  8.50000E+00  9.00000E+00  9.50000E+00
#           1.00000E+01  1.05000E+01  1.10000E+01  1.15000E+01  1.20000E+01
#           1.25000E+01  1.30000E+01  1.35000E+01  1.40000E+01  1.45000E+01
#           1.50000E+01  1.55000E+01  1.60000E+01  1.65000E+01  1.70000E+01
#           1.75000E+01  1.80000E+01  1.85000E+01  1.90000E+01  1.95000E+01
#           2.00000E+01
   z-type =    2            # z-mesh is linear given by zmin, zmax and nz
     zmin =   0.000000      # minimum value of z-mesh points
     zmax =   60.00000      # maximum value of z-mesh points
#    zdel =  0.5000000      # mesh width of z-mesh points
       nz =  120            # number of z-mesh points
#    data = ( z(i), i = 1, nz + 1 )
#           0.00000E+00  5.00000E-01  1.00000E+00  1.50000E+00  2.00000E+00
#           2.50000E+00  3.00000E+00  3.50000E+00  4.00000E+00  4.50000E+00
#           5.00000E+00  5.50000E+00  6.00000E+00  6.50000E+00  7.00000E+00
#           7.50000E+00  8.00000E+00  8.50000E+00  9.00000E+00  9.50000E+00
#           1.00000E+01  1.05000E+01  1.10000E+01  1.15000E+01  1.20000E+01
#           1.25000E+01  1.30000E+01  1.35000E+01  1.40000E+01  1.45000E+01
#           1.50000E+01  1.55000E+01  1.60000E+01  1.65000E+01  1.70000E+01
#           1.75000E+01  1.80000E+01  1.85000E+01  1.90000E+01  1.95000E+01
#           2.00000E+01  2.05000E+01  2.10000E+01  2.15000E+01  2.20000E+01
#           2.25000E+01  2.30000E+01  2.35000E+01  2.40000E+01  2.45000E+01
#           2.50000E+01  2.55000E+01  2.60000E+01  2.65000E+01  2.70000E+01
#           2.75000E+01  2.80000E+01  2.85000E+01  2.90000E+01  2.95000E+01
#           3.00000E+01  3.05000E+01  3.10000E+01  3.15000E+01  3.20000E+01
#           3.25000E+01  3.30000E+01  3.35000E+01  3.40000E+01  3.45000E+01
#           3.50000E+01  3.55000E+01  3.60000E+01  3.65000E+01  3.70000E+01
#           3.75000E+01  3.80000E+01  3.85000E+01  3.90000E+01  3.95000E+01
#           4.00000E+01  4.05000E+01  4.10000E+01  4.15000E+01  4.20000E+01
#           4.25000E+01  4.30000E+01  4.35000E+01  4.40000E+01  4.45000E+01
#           4.50000E+01  4.55000E+01  4.60000E+01  4.65000E+01  4.70000E+01
#           4.75000E+01  4.80000E+01  4.85000E+01  4.90000E+01  4.95000E+01
#           5.00000E+01  5.05000E+01  5.10000E+01  5.15000E+01  5.20000E+01
#           5.25000E+01  5.30000E+01  5.35000E+01  5.40000E+01  5.45000E+01
#           5.50000E+01  5.55000E+01  5.60000E+01  5.65000E+01  5.70000E+01
#           5.75000E+01  5.80000E+01  5.85000E+01  5.90000E+01  5.95000E+01
#           6.00000E+01
   e-type =    1            # e-mesh is given by the below data
       ne =    1            # number of e-mesh points
#    data = ( e(i), i = 1, ne + 1 )
            0.00000E+00  1.00000E+03
     unit =    1            # unit is [1/cm^2/source]
 material =  all            # (D=all) number of specific material
  2D-type =    3            # 1:Cont, 2:Clust, 3:Color, 4:xyz, 5:mat, 6:Clust+Cont, 7:Col+Cont
     axis =   yz            # axis of output
     file = yz-show1.dat    # file name of output for the above axis
     part =  proton     neutron  
# kf/name :  2212       2112     
    gshow =    3            # 0: no 1:bnd, 2:bnd+mat, 3:bnd+reg 4:bnd+lat
    resol =    1            # (D=1) resolution of gshow or rshow
    width = 0.5000000       # (D=0.5) width of lines for gshow or rshow
   epsout =    1            # (D=0) generate eps file by ANGEL
#    used :        main (  %)        temp (  %)       total (  %)
#  memory :       38608 (  0)        9803 (  0)       48411 (  0)

#------------------------------------------------------------------------------
#newpage:
#   no. =  1   ie  =  1   ix  =  1   part. = proton  
#   e = (   0.0000E+00  -   1.0000E+03  )
#   x = (  -2.0000E+01  -   2.0000E+01  )

'no. =  1,  ie =  1,  ix =  1'
msuc: {\huge [t-track] in xyz mesh}
msdl: {\it plotted by \ANGEL \version}
msdr: {\it calculated by \PHITS  2.30}

x: z [cm]
y: y [cm]
set: c1[ 0.667] c2[ 1.102] c5[ 0.800] c6[ 0.868] c7[ 0.000] c8[ 0.200]
p: form[c1] xfac[c2] afac[c5] scal[c6] xorg[c7] yorg[c8] nosp
p: xmin(  0.000000    ) xmax(  60.00000    )
p: ymin( -20.00000    ) ymax(  20.00000    )

#   no. =  1   ie  =  1   ix  =  1
#   e = (   0.0000E+00  -   1.0000E+03  )
#   x = (  -2.0000E+01  -   2.0000E+01  )

#------------------------------------------------------------------------------
# gshow
#------------------------------------------------------------------------------

p: legs[c5*0.875]

w:4/ x(   0.5095041E+01) y(  -0.1485802E+02) ix(2) iy(2) s(   0.7000E+00)

h: x ny1,0  y2=[y1](4),ic[pastelmagenta]
 -1.000000E+00 -1.000000E+00

hb:   line clip z   cb(pastelmagenta)
clip:
  0.000000E+00 -1.999388E+01
  1.239669E-02 -2.000000E+01
  3.091521E-02 -2.000000E+01
  5.206612E-01 -2.000000E+01
  5.391797E-01 -2.000000E+01
  1.028926E+00 -2.000000E+01
  1.047444E+00 -2.000000E+01
  1.537190E+00 -2.000000E+01
  1.555709E+00 -2.000000E+01
  2.045455E+00 -2.000000E+01
  2.063973E+00 -2.000000E+01
  2.553719E+00 -2.000000E+01
  2.572238E+00 -2.000000E+01
  3.061983E+00 -2.000000E+01
  3.080502E+00 -2.000000E+01
  3.570248E+00 -2.000000E+01
  3.588766E+00 -2.000000E+01
  4.078512E+00 -2.000000E+01
  4.097031E+00 -2.000000E+01
  4.586777E+00 -2.000000E+01
  4.605295E+00 -2.000000E+01
  5.095041E+00 -2.000000E+01
  5.113560E+00 -2.000000E+01
  5.603306E+00 -2.000000E+01
  5.621824E+00 -2.000000E+01
  6.111570E+00 -2.000000E+01
  6.130089E+00 -2.000000E+01
  6.619835E+00 -2.000000E+01
  6.638353E+00 -2.000000E+01
  7.128099E+00 -2.000000E+01
  7.146618E+00 -2.000000E+01
  7.636364E+00 -2.000000E+01
  7.654882E+00 -2.000000E+01
  8.144628E+00 -2.000000E+01
  8.163147E+00 -2.000000E+01
  8.652893E+00 -2.000000E+01
  8.671411E+00 -2.000000E+01
  9.161157E+00 -2.000000E+01
  9.179676E+00 -2.000000E+01
  9.669421E+00 -2.000000E+01
  9.687940E+00 -2.000000E+01
  1.017769E+01 -2.000000E+01
  1.019620E+01 -2.000000E+01
  1.068595E+01 -2.000000E+01
  1.070447E+01 -2.000000E+01
  1.119421E+01 -2.000000E+01
  1.121273E+01 -2.000000E+01
  1.170248E+01 -2.000000E+01
  1.172100E+01 -2.000000E+01
  1.221074E+01 -2.000000E+01
  1.222926E+01 -2.000000E+01
  1.271901E+01 -2.000000E+01
  1.273753E+01 -2.000000E+01
  1.322727E+01 -2.000000E+01
  1.324579E+01 -2.000000E+01
  1.373554E+01 -2.000000E+01
  1.375406E+01 -2.000000E+01
  1.424380E+01 -2.000000E+01
  1.426232E+01 -2.000000E+01
  1.475207E+01 -2.000000E+01
  1.477058E+01 -2.000000E+01
  1.526033E+01 -2.000000E+01
  1.527885E+01 -2.000000E+01
  1.576860E+01 -2.000000E+01
  1.578711E+01 -2.000000E+01
  1.627686E+01 -2.000000E+01
  1.629538E+01 -2.000000E+01
  1.678512E+01 -2.000000E+01
  1.680364E+01 -2.000000E+01
  1.729339E+01 -2.000000E+01
  1.731191E+01 -2.000000E+01
  1.780165E+01 -2.000000E+01
  1.782017E+01 -2.000000E+01
  1.830992E+01 -2.000000E+01
  1.832844E+01 -2.000000E+01
  1.881818E+01 -2.000000E+01
  1.883670E+01 -2.000000E+01
  1.932645E+01 -2.000000E+01
  1.934496E+01 -2.000000E+01
  1.983471E+01 -2.000000E+01
  1.985323E+01 -2.000000E+01
  2.034298E+01 -2.000000E+01
  2.036149E+01 -2.000000E+01
  2.085124E+01 -2.000000E+01
  2.086976E+01 -2.000000E+01
  2.135950E+01 -2.000000E+01
  2.137802E+01 -2.000000E+01
  2.186777E+01 -2.000000E+01
  2.188629E+01 -2.000000E+01
  2.237603E+01 -2.000000E+01
  2.239455E+01 -2.000000E+01
  2.288430E+01 -2.000000E+01
  2.290282E+01 -2.000000E+01
  2.339256E+01 -2.000000E+01
  2.341108E+01 -2.000000E+01
  2.390083E+01 -2.000000E+01
  2.391934E+01 -2.000000E+01
  2.440909E+01 -2.000000E+01
  2.442761E+01 -2.000000E+01
  2.491736E+01 -2.000000E+01
  2.493587E+01 -2.000000E+01
  2.542562E+01 -2.000000E+01
  2.544414E+01 -2.000000E+01
  2.593388E+01 -2.000000E+01
  2.595240E+01 -2.000000E+01
  2.644215E+01 -2.000000E+01
  2.646067E+01 -2.000000E+01
  2.695041E+01 -2.000000E+01
  2.696893E+01 -2.000000E+01
  2.745868E+01 -2.000000E+01
  2.747720E+01 -2.000000E+01
  2.796694E+01 -2.000000E+01
  2.798546E+01 -2.000000E+01
  2.847521E+01 -2.000000E+01
  2.849373E+01 -2.000000E+01
  2.898347E+01 -2.000000E+01
  2.900199E+01 -2.000000E+01
  2.949174E+01 -2.000000E+01
  2.951025E+01 -2.000000E+01
  3.000000E+01 -2.000000E+01
  3.001852E+01 -2.000000E+01
  3.050826E+01 -2.000000E+01
  3.052678E+01 -2.000000E+01
  3.101653E+01 -2.000000E+01
  3.103505E+01 -2.000000E+01
  3.152479E+01 -2.000000E+01
  3.154331E+01 -2.000000E+01
  3.203306E+01 -2.000000E+01
  3.205158E+01 -2.000000E+01
  3.254132E+01 -2.000000E+01
  3.255984E+01 -2.000000E+01
  3.304959E+01 -2.000000E+01
  3.306811E+01 -2.000000E+01
  3.355785E+01 -2.000000E+01
  3.357637E+01 -2.000000E+01
  3.406612E+01 -2.000000E+01
  3.408463E+01 -2.000000E+01
  3.457438E+01 -2.000000E+01
  3.459290E+01 -2.000000E+01
  3.508264E+01 -2.000000E+01
  3.510116E+01 -2.000000E+01
  3.559091E+01 -2.000000E+01
  3.560943E+01 -2.000000E+01
  3.609917E+01 -2.000000E+01
  3.611769E+01 -2.000000E+01
  3.660744E+01 -2.000000E+01
  3.662596E+01 -2.000000E+01
  3.711570E+01 -2.000000E+01
  3.713422E+01 -2.000000E+01
  3.762397E+01 -2.000000E+01
  3.764249E+01 -2.000000E+01
  3.813223E+01 -2.000000E+01
  3.815075E+01 -2.000000E+01
  3.864050E+01 -2.000000E+01
  3.865901E+01 -2.000000E+01
  3.914876E+01 -2.000000E+01
  3.916728E+01 -2.000000E+01
  3.965702E+01 -2.000000E+01
  3.967554E+01 -2.000000E+01
  4.016529E+01 -2.000000E+01
  4.018381E+01 -2.000000E+01
  4.067355E+01 -2.000000E+01
  4.069207E+01 -2.000000E+01
  4.118182E+01 -2.000000E+01
  4.120034E+01 -2.000000E+01
  4.169008E+01 -2.000000E+01
  4.170860E+01 -2.000000E+01
  4.219835E+01 -2.000000E+01
  4.221687E+01 -2.000000E+01
  4.270661E+01 -2.000000E+01
  4.272513E+01 -2.000000E+01
  4.321488E+01 -2.000000E+01
  4.323339E+01 -2.000000E+01
  4.372314E+01 -2.000000E+01
  4.374166E+01 -2.000000E+01
  4.423140E+01 -2.000000E+01
  4.424992E+01 -2.000000E+01
  4.473967E+01 -2.000000E+01
  4.475819E+01 -2.000000E+01
  4.524793E+01 -2.000000E+01
  4.526645E+01 -2.000000E+01
  4.575620E+01 -2.000000E+01
  4.577472E+01 -2.000000E+01
  4.626446E+01 -2.000000E+01
  4.628298E+01 -2.000000E+01
  4.677273E+01 -2.000000E+01
  4.679125E+01 -2.000000E+01
  4.728099E+01 -2.000000E+01
  4.729951E+01 -2.000000E+01
  4.778926E+01 -2.000000E+01
  4.780777E+01 -2.000000E+01
  4.829752E+01 -2.000000E+01
  4.831604E+01 -2.000000E+01
  4.880579E+01 -2.000000E+01
  4.882430E+01 -2.000000E+01
  4.931405E+01 -2.000000E+01
  4.933257E+01 -2.000000E+01
  4.982231E+01 -2.000000E+01
  4.984083E+01 -2.000000E+01
  5.033058E+01 -2.000000E+01
  5.034910E+01 -2.000000E+01
  5.083884E+01 -2.000000E+01
  5.085736E+01 -2.000000E+01
  5.134711E+01 -2.000000E+01
  5.136563E+01 -2.000000E+01
  5.185537E+01 -2.000000E+01
  5.187389E+01 -2.000000E+01
  5.236364E+01 -2.000000E+01
  5.238215E+01 -2.000000E+01
  5.287190E+01 -2.000000E+01
  5.289042E+01 -2.000000E+01
  5.338017E+01 -2.000000E+01
  5.339868E+01 -2.000000E+01
  5.388843E+01 -2.000000E+01
  5.390695E+01 -2.000000E+01
  5.439669E+01 -2.000000E+01
  5.441521E+01 -2.000000E+01
  5.490496E+01 -2.000000E+01
  5.492348E+01 -2.000000E+01
  5.541322E+01 -2.000000E+01
  5.543174E+01 -2.000000E+01
  5.592149E+01 -2.000000E+01
  5.594001E+01 -2.000000E+01
  5.642975E+01 -2.000000E+01
  5.644827E+01 -2.000000E+01
  5.693802E+01 -2.000000E+01
  5.695654E+01 -2.000000E+01
  5.744628E+01 -2.000000E+01
  5.746480E+01 -2.000000E+01
  5.795455E+01 -2.000000E+01
  5.797306E+01 -2.000000E+01
  5.846281E+01 -2.000000E+01
  5.848133E+01 -2.000000E+01
  5.897107E+01 -2.000000E+01
  5.898959E+01 -2.000000E+01
  5.947934E+01 -2.000000E+01
  5.949786E+01 -2.000000E+01
  5.998760E+01 -2.000000E+01
  6.000000E+01 -1.999388E+01
  6.000000E+01 -1.998148E+01
  6.000000E+01 -1.996908E+01
  6.000000E+01 -1.946914E+01
  6.000000E+01 -1.945674E+01
  6.000000E+01 -1.895679E+01
  6.000000E+01 -1.894439E+01
  6.000000E+01 -1.844444E+01
  6.000000E+01 -1.843205E+01
  6.000000E+01 -1.793210E+01
  6.000000E+01 -1.791970E+01
  6.000000E+01 -1.741975E+01
  6.000000E+01 -1.740736E+01
  6.000000E+01 -1.690741E+01
  6.000000E+01 -1.689501E+01
  6.000000E+01 -1.639506E+01
  6.000000E+01 -1.638267E+01
  6.000000E+01 -1.588272E+01
  6.000000E+01 -1.587032E+01
  6.000000E+01 -1.537037E+01
  6.000000E+01 -1.535797E+01
  6.000000E+01 -1.485802E+01
  6.000000E+01 -1.484563E+01
  6.000000E+01 -1.434568E+01
  6.000000E+01 -1.433328E+01
  6.000000E+01 -1.383333E+01
  6.000000E+01 -1.382094E+01
  6.000000E+01 -1.332099E+01
  6.000000E+01 -1.330859E+01
  6.000000E+01 -1.280864E+01
  6.000000E+01 -1.279625E+01
  6.000000E+01 -1.229630E+01
  6.000000E+01 -1.228390E+01
  6.000000E+01 -1.178395E+01
  6.000000E+01 -1.177155E+01
  6.000000E+01 -1.127160E+01
  6.000000E+01 -1.125921E+01
  6.000000E+01 -1.075926E+01
  6.000000E+01 -1.074686E+01
  6.000000E+01 -1.024691E+01
  6.000000E+01 -1.023452E+01
  6.000000E+01 -9.734568E+00
  6.000000E+01 -9.722171E+00
  6.000000E+01 -9.222222E+00
  6.000000E+01 -9.209826E+00
  6.000000E+01 -8.709877E+00
  6.000000E+01 -8.697480E+00
  6.000000E+01 -8.197531E+00
  6.000000E+01 -8.185134E+00
  6.000000E+01 -7.685185E+00
  6.000000E+01 -7.672788E+00
  6.000000E+01 -7.172840E+00
  6.000000E+01 -7.160443E+00
  6.000000E+01 -6.660494E+00
  6.000000E+01 -6.648097E+00
  6.000000E+01 -6.148148E+00
  6.000000E+01 -6.135751E+00
  6.000000E+01 -5.635802E+00
  6.000000E+01 -5.623406E+00
  6.000000E+01 -5.123457E+00
  6.000000E+01 -5.111060E+00
  6.000000E+01 -4.611111E+00
  6.000000E+01 -4.598714E+00
  6.000000E+01 -4.098765E+00
  6.000000E+01 -4.086369E+00
  6.000000E+01 -3.586420E+00
  6.000000E+01 -3.574023E+00
  6.000000E+01 -3.074074E+00
  6.000000E+01 -3.061677E+00
  6.000000E+01 -2.561728E+00
  6.000000E+01 -2.549332E+00
  6.000000E+01 -2.049383E+00
  6.000000E+01 -2.036986E+00
  6.000000E+01 -1.537037E+00
  6.000000E+01 -1.524640E+00
  6.000000E+01 -1.024691E+00
  6.000000E+01 -1.012295E+00
  6.000000E+01 -5.123457E-01
  6.000000E+01 -4.999490E-01
  6.000000E+01  1.234923E-11
  6.000000E+01  1.239669E-02
  6.000000E+01  5.123457E-01
  6.000000E+01  5.247424E-01
  6.000000E+01  1.024691E+00
  6.000000E+01  1.037088E+00
  6.000000E+01  1.537037E+00
  6.000000E+01  1.549434E+00
  6.000000E+01  2.049383E+00
  6.000000E+01  2.061779E+00
  6.000000E+01  2.561728E+00
  6.000000E+01  2.574125E+00
  6.000000E+01  3.074074E+00
  6.000000E+01  3.086471E+00
  6.000000E+01  3.586420E+00
  6.000000E+01  3.598816E+00
  6.000000E+01  4.098765E+00
  6.000000E+01  4.111162E+00
  6.000000E+01  4.611111E+00
  6.000000E+01  4.623508E+00
  6.000000E+01  5.123457E+00
  6.000000E+01  5.135853E+00
  6.000000E+01  5.635802E+00
  6.000000E+01  5.648199E+00
  6.000000E+01  6.148148E+00
  6.000000E+01  6.160545E+00
  6.000000E+01  6.660494E+00
  6.000000E+01  6.672891E+00
  6.000000E+01  7.172840E+00
  6.000000E+01  7.185236E+00
  6.000000E+01  7.685185E+00
  6.000000E+01  7.697582E+00
  6.000000E+01  8.197531E+00
  6.000000E+01  8.209928E+00
  6.000000E+01  8.709877E+00
  6.000000E+01  8.722273E+00
  6.000000E+01  9.222222E+00
  6.000000E+01  9.234619E+00
  6.000000E+01  9.734568E+00
  6.000000E+01  9.746965E+00
  6.000000E+01  1.024691E+01
  6.000000E+01  1.025931E+01
  6.000000E+01  1.075926E+01
  6.000000E+01  1.077166E+01
  6.000000E+01  1.127160E+01
  6.000000E+01  1.128400E+01
  6.000000E+01  1.178395E+01
  6.000000E+01  1.179635E+01
  6.000000E+01  1.229630E+01
  6.000000E+01  1.230869E+01
  6.000000E+01  1.280864E+01
  6.000000E+01  1.282104E+01
  6.000000E+01  1.332099E+01
  6.000000E+01  1.333338E+01
  6.000000E+01  1.383333E+01
  6.000000E+01  1.384573E+01
  6.000000E+01  1.434568E+01
  6.000000E+01  1.435808E+01
  6.000000E+01  1.485802E+01
  6.000000E+01  1.487042E+01
  6.000000E+01  1.537037E+01
  6.000000E+01  1.538277E+01
  6.000000E+01  1.588272E+01
  6.000000E+01  1.589511E+01
  6.000000E+01  1.639506E+01
  6.000000E+01  1.640746E+01
  6.000000E+01  1.690741E+01
  6.000000E+01  1.691980E+01
  6.000000E+01  1.741975E+01
  6.000000E+01  1.743215E+01
  6.000000E+01  1.793210E+01
  6.000000E+01  1.794450E+01
  6.000000E+01  1.844444E+01
  6.000000E+01  1.845684E+01
  6.000000E+01  1.895679E+01
  6.000000E+01  1.896919E+01
  6.000000E+01  1.946914E+01
  6.000000E+01  1.948153E+01
  6.000000E+01  1.998148E+01
  6.000000E+01  1.999388E+01
  5.998760E+01  2.000000E+01
  5.996908E+01  2.000000E+01
  5.947934E+01  2.000000E+01
  5.946082E+01  2.000000E+01
  5.897107E+01  2.000000E+01
  5.895256E+01  2.000000E+01
  5.846281E+01  2.000000E+01
  5.844429E+01  2.000000E+01
  5.795455E+01  2.000000E+01
  5.793603E+01  2.000000E+01
  5.744628E+01  2.000000E+01
  5.742776E+01  2.000000E+01
  5.693802E+01  2.000000E+01
  5.691950E+01  2.000000E+01
  5.642975E+01  2.000000E+01
  5.641123E+01  2.000000E+01
  5.592149E+01  2.000000E+01
  5.590297E+01  2.000000E+01
  5.541322E+01  2.000000E+01
  5.539470E+01  2.000000E+01
  5.490496E+01  2.000000E+01
  5.488644E+01  2.000000E+01
  5.439669E+01  2.000000E+01
  5.437818E+01  2.000000E+01
  5.388843E+01  2.000000E+01
  5.386991E+01  2.000000E+01
  5.338017E+01  2.000000E+01
  5.336165E+01  2.000000E+01
  5.287190E+01  2.000000E+01
  5.285338E+01  2.000000E+01
  5.236364E+01  2.000000E+01
  5.234512E+01  2.000000E+01
  5.185537E+01  2.000000E+01
  5.183685E+01  2.000000E+01
  5.134711E+01  2.000000E+01
  5.132859E+01  2.000000E+01
  5.083884E+01  2.000000E+01
  5.082032E+01  2.000000E+01
  5.033058E+01  2.000000E+01
  5.031206E+01  2.000000E+01
  4.982231E+01  2.000000E+01
  4.980380E+01  2.000000E+01
  4.931405E+01  2.000000E+01
  4.929553E+01  2.000000E+01
  4.880579E+01  2.000000E+01
  4.878727E+01  2.000000E+01
  4.829752E+01  2.000000E+01
  4.827900E+01  2.000000E+01
  4.778926E+01  2.000000E+01
  4.777074E+01  2.000000E+01
  4.728099E+01  2.000000E+01
  4.726247E+01  2.000000E+01
  4.677273E+01  2.000000E+01
  4.675421E+01  2.000000E+01
  4.626446E+01  2.000000E+01
  4.624594E+01  2.000000E+01
  4.575620E+01  2.000000E+01
  4.573768E+01  2.000000E+01
  4.524793E+01  2.000000E+01
  4.522942E+01  2.000000E+01
  4.473967E+01  2.000000E+01
  4.472115E+01  2.000000E+01
  4.423140E+01  2.000000E+01
  4.421289E+01  2.000000E+01
  4.372314E+01  2.000000E+01
  4.370462E+01  2.000000E+01
  4.321488E+01  2.000000E+01
  4.319636E+01  2.000000E+01
  4.270661E+01  2.000000E+01
  4.268809E+01  2.000000E+01
  4.219835E+01  2.000000E+01
  4.217983E+01  2.000000E+01
  4.169008E+01  2.000000E+01
  4.167156E+01  2.000000E+01
  4.118182E+01  2.000000E+01
  4.116330E+01  2.000000E+01
  4.067355E+01  2.000000E+01
  4.065504E+01  2.000000E+01
  4.016529E+01  2.000000E+01
  4.014677E+01  2.000000E+01
  3.965702E+01  2.000000E+01
  3.963851E+01  2.000000E+01
  3.914876E+01  2.000000E+01
  3.913024E+01  2.000000E+01
  3.864050E+01  2.000000E+01
  3.862198E+01  2.000000E+01
  3.813223E+01  2.000000E+01
  3.811371E+01  2.000000E+01
  3.762397E+01  2.000000E+01
  3.760545E+01  2.000000E+01
  3.711570E+01  2.000000E+01
  3.709718E+01  2.000000E+01
  3.660744E+01  2.000000E+01
  3.658892E+01  2.000000E+01
  3.609917E+01  2.000000E+01
  3.608066E+01  2.000000E+01
  3.559091E+01  2.000000E+01
  3.557239E+01  2.000000E+01
  3.508264E+01  2.000000E+01
  3.506413E+01  2.000000E+01
  3.457438E+01  2.000000E+01
  3.455586E+01  2.000000E+01
  3.406612E+01  2.000000E+01
  3.404760E+01  2.000000E+01
  3.355785E+01  2.000000E+01
  3.353933E+01  2.000000E+01
  3.304959E+01  2.000000E+01
  3.303107E+01  2.000000E+01
  3.254132E+01  2.000000E+01
  3.252280E+01  2.000000E+01
  3.203306E+01  2.000000E+01
  3.201454E+01  2.000000E+01
  3.152479E+01  2.000000E+01
  3.150627E+01  2.000000E+01
  3.101653E+01  2.000000E+01
  3.099801E+01  2.000000E+01
  3.050826E+01  2.000000E+01
  3.048975E+01  2.000000E+01
  3.000000E+01  2.000000E+01
  2.998148E+01  2.000000E+01
  2.949174E+01  2.000000E+01
  2.947322E+01  2.000000E+01
  2.898347E+01  2.000000E+01
  2.896495E+01  2.000000E+01
  2.847521E+01  2.000000E+01
  2.845669E+01  2.000000E+01
  2.796694E+01  2.000000E+01
  2.794842E+01  2.000000E+01
  2.745868E+01  2.000000E+01
  2.744016E+01  2.000000E+01
  2.695041E+01  2.000000E+01
  2.693189E+01  2.000000E+01
  2.644215E+01  2.000000E+01
  2.642363E+01  2.000000E+01
  2.593388E+01  2.000000E+01
  2.591537E+01  2.000000E+01
  2.542562E+01  2.000000E+01
  2.540710E+01  2.000000E+01
  2.491736E+01  2.000000E+01
  2.489884E+01  2.000000E+01
  2.440909E+01  2.000000E+01
  2.439057E+01  2.000000E+01
  2.390083E+01  2.000000E+01
  2.388231E+01  2.000000E+01
  2.339256E+01  2.000000E+01
  2.337404E+01  2.000000E+01
  2.288430E+01  2.000000E+01
  2.286578E+01  2.000000E+01
  2.237603E+01  2.000000E+01
  2.235751E+01  2.000000E+01
  2.186777E+01  2.000000E+01
  2.184925E+01  2.000000E+01
  2.135950E+01  2.000000E+01
  2.134099E+01  2.000000E+01
  2.085124E+01  2.000000E+01
  2.083272E+01  2.000000E+01
  2.034298E+01  2.000000E+01
  2.032446E+01  2.000000E+01
  1.983471E+01  2.000000E+01
  1.981619E+01  2.000000E+01
  1.932645E+01  2.000000E+01
  1.930793E+01  2.000000E+01
  1.881818E+01  2.000000E+01
  1.879966E+01  2.000000E+01
  1.830992E+01  2.000000E+01
  1.829140E+01  2.000000E+01
  1.780165E+01  2.000000E+01
  1.778313E+01  2.000000E+01
  1.729339E+01  2.000000E+01
  1.727487E+01  2.000000E+01
  1.678512E+01  2.000000E+01
  1.676661E+01  2.000000E+01
  1.627686E+01  2.000000E+01
  1.625834E+01  2.000000E+01
  1.576860E+01  2.000000E+01
  1.575008E+01  2.000000E+01
  1.526033E+01  2.000000E+01
  1.524181E+01  2.000000E+01
  1.475207E+01  2.000000E+01
  1.473355E+01  2.000000E+01
  1.424380E+01  2.000000E+01
  1.422528E+01  2.000000E+01
  1.373554E+01  2.000000E+01
  1.371702E+01  2.000000E+01
  1.322727E+01  2.000000E+01
  1.320875E+01  2.000000E+01
  1.271901E+01  2.000000E+01
  1.270049E+01  2.000000E+01
  1.221074E+01  2.000000E+01
  1.219223E+01  2.000000E+01
  1.170248E+01  2.000000E+01
  1.168396E+01  2.000000E+01
  1.119421E+01  2.000000E+01
  1.117570E+01  2.000000E+01
  1.068595E+01  2.000000E+01
  1.066743E+01  2.000000E+01
  1.017769E+01  2.000000E+01
  1.015917E+01  2.000000E+01
  9.669421E+00  2.000000E+01
  9.650903E+00  2.000000E+01
  9.161157E+00  2.000000E+01
  9.142639E+00  2.000000E+01
  8.652893E+00  2.000000E+01
  8.634374E+00  2.000000E+01
  8.144628E+00  2.000000E+01
  8.126110E+00  2.000000E+01
  7.636364E+00  2.000000E+01
  7.617845E+00  2.000000E+01
  7.128099E+00  2.000000E+01
  7.109581E+00  2.000000E+01
  6.619835E+00  2.000000E+01
  6.601316E+00  2.000000E+01
  6.111570E+00  2.000000E+01
  6.093052E+00  2.000000E+01
  5.603306E+00  2.000000E+01
  5.584787E+00  2.000000E+01
  5.095041E+00  2.000000E+01
  5.076523E+00  2.000000E+01
  4.586777E+00  2.000000E+01
  4.568258E+00  2.000000E+01
  4.078512E+00  2.000000E+01
  4.059994E+00  2.000000E+01
  3.570248E+00  2.000000E+01
  3.551729E+00  2.000000E+01
  3.061983E+00  2.000000E+01
  3.043465E+00  2.000000E+01
  2.553719E+00  2.000000E+01
  2.535200E+00  2.000000E+01
  2.045455E+00  2.000000E+01
  2.026936E+00  2.000000E+01
  1.537190E+00  2.000000E+01
  1.518672E+00  2.000000E+01
  1.028926E+00  2.000000E+01
  1.010407E+00  2.000000E+01
  5.206612E-01  2.000000E+01
  5.021426E-01  2.000000E+01
  1.239669E-02  2.000000E+01
  0.000000E+00  1.999388E+01
  0.000000E+00  1.998148E+01
  0.000000E+00  1.996908E+01
  0.000000E+00  1.946914E+01
  0.000000E+00  1.945674E+01
  0.000000E+00  1.895679E+01
  0.000000E+00  1.894439E+01
  0.000000E+00  1.844444E+01
  0.000000E+00  1.843205E+01
  0.000000E+00  1.793210E+01
  0.000000E+00  1.791970E+01
  0.000000E+00  1.741975E+01
  0.000000E+00  1.740736E+01
  0.000000E+00  1.690741E+01
  0.000000E+00  1.689501E+01
  0.000000E+00  1.639506E+01
  0.000000E+00  1.638267E+01
  0.000000E+00  1.588272E+01
  0.000000E+00  1.587032E+01
  0.000000E+00  1.537037E+01
  0.000000E+00  1.535797E+01
  0.000000E+00  1.485802E+01
  0.000000E+00  1.484563E+01
  0.000000E+00  1.434568E+01
  0.000000E+00  1.433328E+01
  0.000000E+00  1.383333E+01
  0.000000E+00  1.382094E+01
  0.000000E+00  1.332099E+01
  0.000000E+00  1.330859E+01
  0.000000E+00  1.280864E+01
  0.000000E+00  1.279625E+01
  0.000000E+00  1.229630E+01
  0.000000E+00  1.228390E+01
  0.000000E+00  1.178395E+01
  0.000000E+00  1.177155E+01
  0.000000E+00  1.127160E+01
  0.000000E+00  1.125921E+01
  0.000000E+00  1.075926E+01
  0.000000E+00  1.074686E+01
  0.000000E+00  1.024691E+01
  0.000000E+00  1.023452E+01
  0.000000E+00  9.734568E+00
  0.000000E+00  9.722171E+00
  0.000000E+00  9.222222E+00
  0.000000E+00  9.209826E+00
  0.000000E+00  8.709877E+00
  0.000000E+00  8.697480E+00
  0.000000E+00  8.197531E+00
  0.000000E+00  8.185134E+00
  0.000000E+00  7.685185E+00
  0.000000E+00  7.672788E+00
  0.000000E+00  7.172840E+00
  0.000000E+00  7.160443E+00
  0.000000E+00  6.660494E+00
  0.000000E+00  6.648097E+00
  0.000000E+00  6.148148E+00
  0.000000E+00  6.135751E+00
  0.000000E+00  5.635802E+00
  0.000000E+00  5.623406E+00
  0.000000E+00  5.123457E+00
  0.000000E+00  5.111060E+00
  0.000000E+00  4.611111E+00
  0.000000E+00  4.598714E+00
  0.000000E+00  4.098765E+00
  0.000000E+00  4.086369E+00
  0.000000E+00  3.586420E+00
  0.000000E+00  3.574023E+00
  0.000000E+00  3.074074E+00
  0.000000E+00  3.061677E+00
  0.000000E+00  2.561728E+00
  0.000000E+00  2.549332E+00
  0.000000E+00  2.049383E+00
  0.000000E+00  2.036986E+00
  0.000000E+00  1.537037E+00
  0.000000E+00  1.524640E+00
  0.000000E+00  1.024691E+00
  0.000000E+00  1.012295E+00
  0.000000E+00  5.123457E-01
  0.000000E+00  4.999490E-01
  0.000000E+00  1.234923E-11
  0.000000E+00 -1.239669E-02
  0.000000E+00 -5.123457E-01
  0.000000E+00 -5.247424E-01
  0.000000E+00 -1.024691E+00
  0.000000E+00 -1.037088E+00
  0.000000E+00 -1.537037E+00
  0.000000E+00 -1.549434E+00
  0.000000E+00 -2.049383E+00
  0.000000E+00 -2.061779E+00
  0.000000E+00 -2.561728E+00
  0.000000E+00 -2.574125E+00
  0.000000E+00 -3.074074E+00
  0.000000E+00 -3.086471E+00
  0.000000E+00 -3.586420E+00
  0.000000E+00 -3.598816E+00
  0.000000E+00 -4.098765E+00
  0.000000E+00 -4.111162E+00
  0.000000E+00 -4.611111E+00
  0.000000E+00 -4.623508E+00
  0.000000E+00 -5.123457E+00
  0.000000E+00 -5.135853E+00
  0.000000E+00 -5.635802E+00
  0.000000E+00 -5.648199E+00
  0.000000E+00 -6.148148E+00
  0.000000E+00 -6.160545E+00
  0.000000E+00 -6.660494E+00
  0.000000E+00 -6.672891E+00
  0.000000E+00 -7.172840E+00
  0.000000E+00 -7.185236E+00
  0.000000E+00 -7.685185E+00
  0.000000E+00 -7.697582E+00
  0.000000E+00 -8.197531E+00
  0.000000E+00 -8.209928E+00
  0.000000E+00 -8.709877E+00
  0.000000E+00 -8.722273E+00
  0.000000E+00 -9.222222E+00
  0.000000E+00 -9.234619E+00
  0.000000E+00 -9.734568E+00
  0.000000E+00 -9.746965E+00
  0.000000E+00 -1.024691E+01
  0.000000E+00 -1.025931E+01
  0.000000E+00 -1.075926E+01
  0.000000E+00 -1.077166E+01
  0.000000E+00 -1.127160E+01
  0.000000E+00 -1.128400E+01
  0.000000E+00 -1.178395E+01
  0.000000E+00 -1.179635E+01
  0.000000E+00 -1.229630E+01
  0.000000E+00 -1.230869E+01
  0.000000E+00 -1.280864E+01
  0.000000E+00 -1.282104E+01
  0.000000E+00 -1.332099E+01
  0.000000E+00 -1.333338E+01
  0.000000E+00 -1.383333E+01
  0.000000E+00 -1.384573E+01
  0.000000E+00 -1.434568E+01
  0.000000E+00 -1.435808E+01
  0.000000E+00 -1.485802E+01
  0.000000E+00 -1.487042E+01
  0.000000E+00 -1.537037E+01
  0.000000E+00 -1.538277E+01
  0.000000E+00 -1.588272E+01
  0.000000E+00 -1.589511E+01
  0.000000E+00 -1.639506E+01
  0.000000E+00 -1.640746E+01
  0.000000E+00 -1.690741E+01
  0.000000E+00 -1.691980E+01
  0.000000E+00 -1.741975E+01
  0.000000E+00 -1.743215E+01
  0.000000E+00 -1.793210E+01
  0.000000E+00 -1.794450E+01
  0.000000E+00 -1.844444E+01
  0.000000E+00 -1.845684E+01
  0.000000E+00 -1.895679E+01
  0.000000E+00 -1.896919E+01
  0.000000E+00 -1.946914E+01
  0.000000E+00 -1.948153E+01
  0.000000E+00 -1.998148E+01

w:3/ x(   0.3500000E+02) y(  -0.1250000E+02) ix(2) iy(2) s(   0.7000E+00)

h: x ny1,0  y2=[y1](3),ic[pastelblue]
 -1.000000E+00 -1.000000E+00

hb:   line clip z   cb(pastelblue)
clip:
  1.511836E+01 -1.500000E+01
  5.490496E+01 -1.500000E+01
  5.500000E+01 -1.495307E+01
  5.500000E+01 -1.485802E+01
  5.500000E+01 -1.476298E+01
  5.500000E+01 -1.434568E+01
  5.500000E+01 -1.425064E+01
  5.500000E+01 -1.383333E+01
  5.500000E+01 -1.373829E+01
  5.500000E+01 -1.332099E+01
  5.500000E+01 -1.322595E+01
  5.500000E+01 -1.280864E+01
  5.500000E+01 -1.271360E+01
  5.500000E+01 -1.229630E+01
  5.500000E+01 -1.220125E+01
  5.500000E+01 -1.178395E+01
  5.500000E+01 -1.168891E+01
  5.500000E+01 -1.127160E+01
  5.500000E+01 -1.117656E+01
  5.500000E+01 -1.075926E+01
  5.500000E+01 -1.066422E+01
  5.500000E+01 -1.024691E+01
  5.500000E+01 -1.015187E+01
  5.490496E+01 -1.000000E+01
  5.465805E+01 -1.000000E+01
  5.439669E+01 -1.000000E+01
  5.414978E+01 -1.000000E+01
  5.388843E+01 -1.000000E+01
  5.364152E+01 -1.000000E+01
  5.338017E+01 -1.000000E+01
  5.313325E+01 -1.000000E+01
  5.287190E+01 -1.000000E+01
  5.262499E+01 -1.000000E+01
  5.236364E+01 -1.000000E+01
  5.211672E+01 -1.000000E+01
  5.185537E+01 -1.000000E+01
  5.160846E+01 -1.000000E+01
  5.134711E+01 -1.000000E+01
  5.110019E+01 -1.000000E+01
  5.083884E+01 -1.000000E+01
  5.059193E+01 -1.000000E+01
  5.033058E+01 -1.000000E+01
  5.008366E+01 -1.000000E+01
  4.982231E+01 -1.000000E+01
  4.957540E+01 -1.000000E+01
  4.931405E+01 -1.000000E+01
  4.906714E+01 -1.000000E+01
  4.880579E+01 -1.000000E+01
  4.855887E+01 -1.000000E+01
  4.829752E+01 -1.000000E+01
  4.805061E+01 -1.000000E+01
  4.778926E+01 -1.000000E+01
  4.754234E+01 -1.000000E+01
  4.728099E+01 -1.000000E+01
  4.703408E+01 -1.000000E+01
  4.677273E+01 -1.000000E+01
  4.652581E+01 -1.000000E+01
  4.626446E+01 -1.000000E+01
  4.601755E+01 -1.000000E+01
  4.575620E+01 -1.000000E+01
  4.550928E+01 -1.000000E+01
  4.524793E+01 -1.000000E+01
  4.500102E+01 -1.000000E+01
  4.473967E+01 -1.000000E+01
  4.449276E+01 -1.000000E+01
  4.423140E+01 -1.000000E+01
  4.398449E+01 -1.000000E+01
  4.372314E+01 -1.000000E+01
  4.347623E+01 -1.000000E+01
  4.321488E+01 -1.000000E+01
  4.296796E+01 -1.000000E+01
  4.270661E+01 -1.000000E+01
  4.245970E+01 -1.000000E+01
  4.219835E+01 -1.000000E+01
  4.195143E+01 -1.000000E+01
  4.169008E+01 -1.000000E+01
  4.144317E+01 -1.000000E+01
  4.118182E+01 -1.000000E+01
  4.093490E+01 -1.000000E+01
  4.067355E+01 -1.000000E+01
  4.042664E+01 -1.000000E+01
  4.016529E+01 -1.000000E+01
  3.991838E+01 -1.000000E+01
  3.965702E+01 -1.000000E+01
  3.941011E+01 -1.000000E+01
  3.914876E+01 -1.000000E+01
  3.890185E+01 -1.000000E+01
  3.864050E+01 -1.000000E+01
  3.839358E+01 -1.000000E+01
  3.813223E+01 -1.000000E+01
  3.788532E+01 -1.000000E+01
  3.762397E+01 -1.000000E+01
  3.737705E+01 -1.000000E+01
  3.711570E+01 -1.000000E+01
  3.686879E+01 -1.000000E+01
  3.660744E+01 -1.000000E+01
  3.636052E+01 -1.000000E+01
  3.609917E+01 -1.000000E+01
  3.585226E+01 -1.000000E+01
  3.559091E+01 -1.000000E+01
  3.534400E+01 -1.000000E+01
  3.508264E+01 -1.000000E+01
  3.483573E+01 -1.000000E+01
  3.457438E+01 -1.000000E+01
  3.432747E+01 -1.000000E+01
  3.406612E+01 -1.000000E+01
  3.381920E+01 -1.000000E+01
  3.355785E+01 -1.000000E+01
  3.331094E+01 -1.000000E+01
  3.304959E+01 -1.000000E+01
  3.280267E+01 -1.000000E+01
  3.254132E+01 -1.000000E+01
  3.229441E+01 -1.000000E+01
  3.203306E+01 -1.000000E+01
  3.178614E+01 -1.000000E+01
  3.152479E+01 -1.000000E+01
  3.127788E+01 -1.000000E+01
  3.101653E+01 -1.000000E+01
  3.076962E+01 -1.000000E+01
  3.050826E+01 -1.000000E+01
  3.026135E+01 -1.000000E+01
  3.000000E+01 -1.000000E+01
  2.975309E+01 -1.000000E+01
  2.949174E+01 -1.000000E+01
  2.924482E+01 -1.000000E+01
  2.898347E+01 -1.000000E+01
  2.873656E+01 -1.000000E+01
  2.847521E+01 -1.000000E+01
  2.822829E+01 -1.000000E+01
  2.796694E+01 -1.000000E+01
  2.772003E+01 -1.000000E+01
  2.745868E+01 -1.000000E+01
  2.721176E+01 -1.000000E+01
  2.695041E+01 -1.000000E+01
  2.670350E+01 -1.000000E+01
  2.644215E+01 -1.000000E+01
  2.619524E+01 -1.000000E+01
  2.593388E+01 -1.000000E+01
  2.568697E+01 -1.000000E+01
  2.542562E+01 -1.000000E+01
  2.517871E+01 -1.000000E+01
  2.491736E+01 -1.000000E+01
  2.467044E+01 -1.000000E+01
  2.440909E+01 -1.000000E+01
  2.416218E+01 -1.000000E+01
  2.390083E+01 -1.000000E+01
  2.365391E+01 -1.000000E+01
  2.339256E+01 -1.000000E+01
  2.314565E+01 -1.000000E+01
  2.288430E+01 -1.000000E+01
  2.263738E+01 -1.000000E+01
  2.237603E+01 -1.000000E+01
  2.212912E+01 -1.000000E+01
  2.186777E+01 -1.000000E+01
  2.162086E+01 -1.000000E+01
  2.135950E+01 -1.000000E+01
  2.111259E+01 -1.000000E+01
  2.085124E+01 -1.000000E+01
  2.060433E+01 -1.000000E+01
  2.034298E+01 -1.000000E+01
  2.009606E+01 -1.000000E+01
  1.983471E+01 -1.000000E+01
  1.958780E+01 -1.000000E+01
  1.932645E+01 -1.000000E+01
  1.907953E+01 -1.000000E+01
  1.881818E+01 -1.000000E+01
  1.857127E+01 -1.000000E+01
  1.830992E+01 -1.000000E+01
  1.806300E+01 -1.000000E+01
  1.780165E+01 -1.000000E+01
  1.755474E+01 -1.000000E+01
  1.729339E+01 -1.000000E+01
  1.704647E+01 -1.000000E+01
  1.678512E+01 -1.000000E+01
  1.653821E+01 -1.000000E+01
  1.627686E+01 -1.000000E+01
  1.602995E+01 -1.000000E+01
  1.576860E+01 -1.000000E+01
  1.552168E+01 -1.000000E+01
  1.526033E+01 -1.000000E+01
  1.501342E+01 -1.000000E+01
  1.500000E+01 -1.024691E+01
  1.500000E+01 -1.050724E+01
  1.500000E+01 -1.075926E+01
  1.500000E+01 -1.101959E+01
  1.500000E+01 -1.127160E+01
  1.500000E+01 -1.153194E+01
  1.500000E+01 -1.178395E+01
  1.500000E+01 -1.204428E+01
  1.500000E+01 -1.229630E+01
  1.500000E+01 -1.255663E+01
  1.500000E+01 -1.280864E+01
  1.500000E+01 -1.306897E+01
  1.500000E+01 -1.332099E+01
  1.500000E+01 -1.358132E+01
  1.500000E+01 -1.383333E+01
  1.500000E+01 -1.409366E+01
  1.500000E+01 -1.434568E+01
  1.500000E+01 -1.460601E+01
  1.500000E+01 -1.485802E+01

w:2/ x(   0.3250000E+02) y(  -0.7500000E+01) ix(2) iy(2) s(   0.7000E+00)

h: x ny1,0  y2=[y1](2),ic[orangeyellow]
 -1.000000E+00 -1.000000E+00

hb:   line clip z   cb(orangeyellow)
clip:
  1.000000E+01 -9.912254E+00
  1.017769E+01 -1.000000E+01
  1.044312E+01 -1.000000E+01
  1.068595E+01 -1.000000E+01
  1.095138E+01 -1.000000E+01
  1.119421E+01 -1.000000E+01
  1.145965E+01 -1.000000E+01
  1.170248E+01 -1.000000E+01
  1.196791E+01 -1.000000E+01
  1.221074E+01 -1.000000E+01
  1.247618E+01 -1.000000E+01
  1.271901E+01 -1.000000E+01
  1.298444E+01 -1.000000E+01
  1.322727E+01 -1.000000E+01
  1.349270E+01 -1.000000E+01
  1.373554E+01 -1.000000E+01
  1.400097E+01 -1.000000E+01
  1.424380E+01 -1.000000E+01
  1.450923E+01 -1.000000E+01
  1.475207E+01 -1.000000E+01
  1.501750E+01 -1.000000E+01
  1.526033E+01 -1.000000E+01
  1.552576E+01 -1.000000E+01
  1.576860E+01 -1.000000E+01
  1.603403E+01 -1.000000E+01
  1.627686E+01 -1.000000E+01
  1.654229E+01 -1.000000E+01
  1.678512E+01 -1.000000E+01
  1.705056E+01 -1.000000E+01
  1.729339E+01 -1.000000E+01
  1.755882E+01 -1.000000E+01
  1.780165E+01 -1.000000E+01
  1.806708E+01 -1.000000E+01
  1.830992E+01 -1.000000E+01
  1.857535E+01 -1.000000E+01
  1.881818E+01 -1.000000E+01
  1.908361E+01 -1.000000E+01
  1.932645E+01 -1.000000E+01
  1.959188E+01 -1.000000E+01
  1.983471E+01 -1.000000E+01
  2.010014E+01 -1.000000E+01
  2.034298E+01 -1.000000E+01
  2.060841E+01 -1.000000E+01
  2.085124E+01 -1.000000E+01
  2.111667E+01 -1.000000E+01
  2.135950E+01 -1.000000E+01
  2.162494E+01 -1.000000E+01
  2.186777E+01 -1.000000E+01
  2.213320E+01 -1.000000E+01
  2.237603E+01 -1.000000E+01
  2.264147E+01 -1.000000E+01
  2.288430E+01 -1.000000E+01
  2.314973E+01 -1.000000E+01
  2.339256E+01 -1.000000E+01
  2.365799E+01 -1.000000E+01
  2.390083E+01 -1.000000E+01
  2.416626E+01 -1.000000E+01
  2.440909E+01 -1.000000E+01
  2.467452E+01 -1.000000E+01
  2.491736E+01 -1.000000E+01
  2.518279E+01 -1.000000E+01
  2.542562E+01 -1.000000E+01
  2.569105E+01 -1.000000E+01
  2.593388E+01 -1.000000E+01
  2.619932E+01 -1.000000E+01
  2.644215E+01 -1.000000E+01
  2.670758E+01 -1.000000E+01
  2.695041E+01 -1.000000E+01
  2.721585E+01 -1.000000E+01
  2.745868E+01 -1.000000E+01
  2.772411E+01 -1.000000E+01
  2.796694E+01 -1.000000E+01
  2.823237E+01 -1.000000E+01
  2.847521E+01 -1.000000E+01
  2.874064E+01 -1.000000E+01
  2.898347E+01 -1.000000E+01
  2.924890E+01 -1.000000E+01
  2.949174E+01 -1.000000E+01
  2.975717E+01 -1.000000E+01
  3.000000E+01 -1.000000E+01
  3.026543E+01 -1.000000E+01
  3.050826E+01 -1.000000E+01
  3.077370E+01 -1.000000E+01
  3.101653E+01 -1.000000E+01
  3.128196E+01 -1.000000E+01
  3.152479E+01 -1.000000E+01
  3.179023E+01 -1.000000E+01
  3.203306E+01 -1.000000E+01
  3.229849E+01 -1.000000E+01
  3.254132E+01 -1.000000E+01
  3.280675E+01 -1.000000E+01
  3.304959E+01 -1.000000E+01
  3.331502E+01 -1.000000E+01
  3.355785E+01 -1.000000E+01
  3.382328E+01 -1.000000E+01
  3.406612E+01 -1.000000E+01
  3.433155E+01 -1.000000E+01
  3.457438E+01 -1.000000E+01
  3.483981E+01 -1.000000E+01
  3.508264E+01 -1.000000E+01
  3.534808E+01 -1.000000E+01
  3.559091E+01 -1.000000E+01
  3.585634E+01 -1.000000E+01
  3.609917E+01 -1.000000E+01
  3.636461E+01 -1.000000E+01
  3.660744E+01 -1.000000E+01
  3.687287E+01 -1.000000E+01
  3.711570E+01 -1.000000E+01
  3.738113E+01 -1.000000E+01
  3.762397E+01 -1.000000E+01
  3.788940E+01 -1.000000E+01
  3.813223E+01 -1.000000E+01
  3.839766E+01 -1.000000E+01
  3.864050E+01 -1.000000E+01
  3.890593E+01 -1.000000E+01
  3.914876E+01 -1.000000E+01
  3.941419E+01 -1.000000E+01
  3.965702E+01 -1.000000E+01
  3.992246E+01 -1.000000E+01
  4.016529E+01 -1.000000E+01
  4.043072E+01 -1.000000E+01
  4.067355E+01 -1.000000E+01
  4.093899E+01 -1.000000E+01
  4.118182E+01 -1.000000E+01
  4.144725E+01 -1.000000E+01
  4.169008E+01 -1.000000E+01
  4.195551E+01 -1.000000E+01
  4.219835E+01 -1.000000E+01
  4.246378E+01 -1.000000E+01
  4.270661E+01 -1.000000E+01
  4.297204E+01 -1.000000E+01
  4.321488E+01 -1.000000E+01
  4.348031E+01 -1.000000E+01
  4.372314E+01 -1.000000E+01
  4.398857E+01 -1.000000E+01
  4.423140E+01 -1.000000E+01
  4.449684E+01 -1.000000E+01
  4.473967E+01 -1.000000E+01
  4.500510E+01 -1.000000E+01
  4.524793E+01 -1.000000E+01
  4.551337E+01 -1.000000E+01
  4.575620E+01 -1.000000E+01
  4.602163E+01 -1.000000E+01
  4.626446E+01 -1.000000E+01
  4.652989E+01 -1.000000E+01
  4.677273E+01 -1.000000E+01
  4.703816E+01 -1.000000E+01
  4.728099E+01 -1.000000E+01
  4.754642E+01 -1.000000E+01
  4.778926E+01 -1.000000E+01
  4.805469E+01 -1.000000E+01
  4.829752E+01 -1.000000E+01
  4.856295E+01 -1.000000E+01
  4.880579E+01 -1.000000E+01
  4.907122E+01 -1.000000E+01
  4.931405E+01 -1.000000E+01
  4.957948E+01 -1.000000E+01
  4.982231E+01 -1.000000E+01
  5.008775E+01 -1.000000E+01
  5.033058E+01 -1.000000E+01
  5.059601E+01 -1.000000E+01
  5.083884E+01 -1.000000E+01
  5.110428E+01 -1.000000E+01
  5.134711E+01 -1.000000E+01
  5.161254E+01 -1.000000E+01
  5.185537E+01 -1.000000E+01
  5.212080E+01 -1.000000E+01
  5.236364E+01 -1.000000E+01
  5.262907E+01 -1.000000E+01
  5.287190E+01 -1.000000E+01
  5.313733E+01 -1.000000E+01
  5.338017E+01 -1.000000E+01
  5.364560E+01 -1.000000E+01
  5.388843E+01 -1.000000E+01
  5.415386E+01 -1.000000E+01
  5.439669E+01 -1.000000E+01
  5.466213E+01 -1.000000E+01
  5.490496E+01 -1.000000E+01
  5.500000E+01 -9.829609E+00
  5.500000E+01 -9.734568E+00
  5.500000E+01 -9.639527E+00
  5.500000E+01 -9.222222E+00
  5.500000E+01 -9.127181E+00
  5.500000E+01 -8.709877E+00
  5.500000E+01 -8.614835E+00
  5.500000E+01 -8.197531E+00
  5.500000E+01 -8.102490E+00
  5.500000E+01 -7.685185E+00
  5.500000E+01 -7.590144E+00
  5.500000E+01 -7.172840E+00
  5.500000E+01 -7.077798E+00
  5.500000E+01 -6.660494E+00
  5.500000E+01 -6.565453E+00
  5.500000E+01 -6.148148E+00
  5.500000E+01 -6.053107E+00
  5.500000E+01 -5.635802E+00
  5.500000E+01 -5.540761E+00
  5.500000E+01 -5.123457E+00
  5.500000E+01 -5.028415E+00
  5.490496E+01 -5.000000E+00
  5.478150E+01 -5.000000E+00
  5.439669E+01 -5.000000E+00
  5.427324E+01 -5.000000E+00
  5.388843E+01 -5.000000E+00
  5.376497E+01 -5.000000E+00
  5.338017E+01 -5.000000E+00
  5.325671E+01 -5.000000E+00
  5.287190E+01 -5.000000E+00
  5.274844E+01 -5.000000E+00
  5.236364E+01 -5.000000E+00
  5.224018E+01 -5.000000E+00
  5.185537E+01 -5.000000E+00
  5.173192E+01 -5.000000E+00
  5.134711E+01 -5.000000E+00
  5.122365E+01 -5.000000E+00
  5.083884E+01 -5.000000E+00
  5.071539E+01 -5.000000E+00
  5.033058E+01 -5.000000E+00
  5.020712E+01 -5.000000E+00
  4.982231E+01 -5.000000E+00
  4.969886E+01 -5.000000E+00
  4.931405E+01 -5.000000E+00
  4.919059E+01 -5.000000E+00
  4.880579E+01 -5.000000E+00
  4.868233E+01 -5.000000E+00
  4.829752E+01 -5.000000E+00
  4.817406E+01 -5.000000E+00
  4.778926E+01 -5.000000E+00
  4.766580E+01 -5.000000E+00
  4.728099E+01 -5.000000E+00
  4.715753E+01 -5.000000E+00
  4.677273E+01 -5.000000E+00
  4.664927E+01 -5.000000E+00
  4.626446E+01 -5.000000E+00
  4.614101E+01 -5.000000E+00
  4.575620E+01 -5.000000E+00
  4.563274E+01 -5.000000E+00
  4.524793E+01 -5.000000E+00
  4.512448E+01 -5.000000E+00
  4.473967E+01 -5.000000E+00
  4.461621E+01 -5.000000E+00
  4.423140E+01 -5.000000E+00
  4.410795E+01 -5.000000E+00
  4.372314E+01 -5.000000E+00
  4.359968E+01 -5.000000E+00
  4.321488E+01 -5.000000E+00
  4.309142E+01 -5.000000E+00
  4.270661E+01 -5.000000E+00
  4.258315E+01 -5.000000E+00
  4.219835E+01 -5.000000E+00
  4.207489E+01 -5.000000E+00
  4.169008E+01 -5.000000E+00
  4.156663E+01 -5.000000E+00
  4.118182E+01 -5.000000E+00
  4.105836E+01 -5.000000E+00
  4.067355E+01 -5.000000E+00
  4.055010E+01 -5.000000E+00
  4.016529E+01 -5.000000E+00
  4.004183E+01 -5.000000E+00
  3.965702E+01 -5.000000E+00
  3.953357E+01 -5.000000E+00
  3.914876E+01 -5.000000E+00
  3.902530E+01 -5.000000E+00
  3.864050E+01 -5.000000E+00
  3.851704E+01 -5.000000E+00
  3.813223E+01 -5.000000E+00
  3.800877E+01 -5.000000E+00
  3.762397E+01 -5.000000E+00
  3.750051E+01 -5.000000E+00
  3.711570E+01 -5.000000E+00
  3.699225E+01 -5.000000E+00
  3.660744E+01 -5.000000E+00
  3.648398E+01 -5.000000E+00
  3.609917E+01 -5.000000E+00
  3.597572E+01 -5.000000E+00
  3.559091E+01 -5.000000E+00
  3.546745E+01 -5.000000E+00
  3.508264E+01 -5.000000E+00
  3.495919E+01 -5.000000E+00
  3.457438E+01 -5.000000E+00
  3.445092E+01 -5.000000E+00
  3.406612E+01 -5.000000E+00
  3.394266E+01 -5.000000E+00
  3.355785E+01 -5.000000E+00
  3.343439E+01 -5.000000E+00
  3.304959E+01 -5.000000E+00
  3.292613E+01 -5.000000E+00
  3.254132E+01 -5.000000E+00
  3.241787E+01 -5.000000E+00
  3.203306E+01 -5.000000E+00
  3.190960E+01 -5.000000E+00
  3.152479E+01 -5.000000E+00
  3.140134E+01 -5.000000E+00
  3.101653E+01 -5.000000E+00
  3.089307E+01 -5.000000E+00
  3.050826E+01 -5.000000E+00
  3.038481E+01 -5.000000E+00
  3.000000E+01 -5.000000E+00
  2.987654E+01 -5.000000E+00
  2.949174E+01 -5.000000E+00
  2.936828E+01 -5.000000E+00
  2.898347E+01 -5.000000E+00
  2.886001E+01 -5.000000E+00
  2.847521E+01 -5.000000E+00
  2.835175E+01 -5.000000E+00
  2.796694E+01 -5.000000E+00
  2.784349E+01 -5.000000E+00
  2.745868E+01 -5.000000E+00
  2.733522E+01 -5.000000E+00
  2.695041E+01 -5.000000E+00
  2.682696E+01 -5.000000E+00
  2.644215E+01 -5.000000E+00
  2.631869E+01 -5.000000E+00
  2.593388E+01 -5.000000E+00
  2.581043E+01 -5.000000E+00
  2.542562E+01 -5.000000E+00
  2.530216E+01 -5.000000E+00
  2.491736E+01 -5.000000E+00
  2.479390E+01 -5.000000E+00
  2.440909E+01 -5.000000E+00
  2.428563E+01 -5.000000E+00
  2.390083E+01 -5.000000E+00
  2.377737E+01 -5.000000E+00
  2.339256E+01 -5.000000E+00
  2.326911E+01 -5.000000E+00
  2.288430E+01 -5.000000E+00
  2.276084E+01 -5.000000E+00
  2.237603E+01 -5.000000E+00
  2.225258E+01 -5.000000E+00
  2.186777E+01 -5.000000E+00
  2.174431E+01 -5.000000E+00
  2.135950E+01 -5.000000E+00
  2.123605E+01 -5.000000E+00
  2.085124E+01 -5.000000E+00
  2.072778E+01 -5.000000E+00
  2.034298E+01 -5.000000E+00
  2.021952E+01 -5.000000E+00
  1.983471E+01 -5.000000E+00
  1.971125E+01 -5.000000E+00
  1.932645E+01 -5.000000E+00
  1.920299E+01 -5.000000E+00
  1.881818E+01 -5.000000E+00
  1.869473E+01 -5.000000E+00
  1.830992E+01 -5.000000E+00
  1.818646E+01 -5.000000E+00
  1.780165E+01 -5.000000E+00
  1.767820E+01 -5.000000E+00
  1.729339E+01 -5.000000E+00
  1.716993E+01 -5.000000E+00
  1.678512E+01 -5.000000E+00
  1.666167E+01 -5.000000E+00
  1.627686E+01 -5.000000E+00
  1.615340E+01 -5.000000E+00
  1.576860E+01 -5.000000E+00
  1.564514E+01 -5.000000E+00
  1.526033E+01 -5.000000E+00
  1.513687E+01 -5.000000E+00
  1.475207E+01 -5.000000E+00
  1.462861E+01 -5.000000E+00
  1.424380E+01 -5.000000E+00
  1.412034E+01 -5.000000E+00
  1.373554E+01 -5.000000E+00
  1.361208E+01 -5.000000E+00
  1.322727E+01 -5.000000E+00
  1.310382E+01 -5.000000E+00
  1.271901E+01 -5.000000E+00
  1.259555E+01 -5.000000E+00
  1.221074E+01 -5.000000E+00
  1.208729E+01 -5.000000E+00
  1.170248E+01 -5.000000E+00
  1.157902E+01 -5.000000E+00
  1.119421E+01 -5.000000E+00
  1.107076E+01 -5.000000E+00
  1.068595E+01 -5.000000E+00
  1.056249E+01 -5.000000E+00
  1.017769E+01 -5.000000E+00
  1.005423E+01 -5.000000E+00
  1.000000E+01 -5.123457E+00
  1.000000E+01 -5.301143E+00
  1.000000E+01 -5.635802E+00
  1.000000E+01 -5.813488E+00
  1.000000E+01 -6.148148E+00
  1.000000E+01 -6.325834E+00
  1.000000E+01 -6.660494E+00
  1.000000E+01 -6.838180E+00
  1.000000E+01 -7.172840E+00
  1.000000E+01 -7.350525E+00
  1.000000E+01 -7.685185E+00
  1.000000E+01 -7.862871E+00
  1.000000E+01 -8.197531E+00
  1.000000E+01 -8.375217E+00
  1.000000E+01 -8.709877E+00
  1.000000E+01 -8.887562E+00
  1.000000E+01 -9.222222E+00
  1.000000E+01 -9.399908E+00
  1.000000E+01 -9.734568E+00

w:1/ x(   0.3000000E+02) y(   0.0000000E+00) ix(2) iy(2) s(   0.7000E+00)

h: x ny1,0  y2=[y1](1),ic[yellowgreen]
 -1.000000E+00 -1.000000E+00

hb:   line clip z   cb(yellowgreen)
clip:
  5.000000E+00 -4.706152E+00
  5.095041E+00 -5.000000E+00
  5.483930E+00 -5.000000E+00
  5.603306E+00 -5.000000E+00
  5.992195E+00 -5.000000E+00
  6.111570E+00 -5.000000E+00
  6.500459E+00 -5.000000E+00
  6.619835E+00 -5.000000E+00
  7.008724E+00 -5.000000E+00
  7.128099E+00 -5.000000E+00
  7.516988E+00 -5.000000E+00
  7.636364E+00 -5.000000E+00
  8.025253E+00 -5.000000E+00
  8.144628E+00 -5.000000E+00
  8.533517E+00 -5.000000E+00
  8.652893E+00 -5.000000E+00
  9.041781E+00 -5.000000E+00
  9.161157E+00 -5.000000E+00
  9.550046E+00 -5.000000E+00
  9.669421E+00 -5.000000E+00
  1.005831E+01 -5.000000E+00
  1.017769E+01 -5.000000E+00
  1.056657E+01 -5.000000E+00
  1.068595E+01 -5.000000E+00
  1.107484E+01 -5.000000E+00
  1.119421E+01 -5.000000E+00
  1.158310E+01 -5.000000E+00
  1.170248E+01 -5.000000E+00
  1.209137E+01 -5.000000E+00
  1.221074E+01 -5.000000E+00
  1.259963E+01 -5.000000E+00
  1.271901E+01 -5.000000E+00
  1.310790E+01 -5.000000E+00
  1.322727E+01 -5.000000E+00
  1.361616E+01 -5.000000E+00
  1.373554E+01 -5.000000E+00
  1.412443E+01 -5.000000E+00
  1.424380E+01 -5.000000E+00
  1.463269E+01 -5.000000E+00
  1.475207E+01 -5.000000E+00
  1.514096E+01 -5.000000E+00
  1.526033E+01 -5.000000E+00
  1.564922E+01 -5.000000E+00
  1.576860E+01 -5.000000E+00
  1.615748E+01 -5.000000E+00
  1.627686E+01 -5.000000E+00
  1.666575E+01 -5.000000E+00
  1.678512E+01 -5.000000E+00
  1.717401E+01 -5.000000E+00
  1.729339E+01 -5.000000E+00
  1.768228E+01 -5.000000E+00
  1.780165E+01 -5.000000E+00
  1.819054E+01 -5.000000E+00
  1.830992E+01 -5.000000E+00
  1.869881E+01 -5.000000E+00
  1.881818E+01 -5.000000E+00
  1.920707E+01 -5.000000E+00
  1.932645E+01 -5.000000E+00
  1.971534E+01 -5.000000E+00
  1.983471E+01 -5.000000E+00
  2.022360E+01 -5.000000E+00
  2.034298E+01 -5.000000E+00
  2.073186E+01 -5.000000E+00
  2.085124E+01 -5.000000E+00
  2.124013E+01 -5.000000E+00
  2.135950E+01 -5.000000E+00
  2.174839E+01 -5.000000E+00
  2.186777E+01 -5.000000E+00
  2.225666E+01 -5.000000E+00
  2.237603E+01 -5.000000E+00
  2.276492E+01 -5.000000E+00
  2.288430E+01 -5.000000E+00
  2.327319E+01 -5.000000E+00
  2.339256E+01 -5.000000E+00
  2.378145E+01 -5.000000E+00
  2.390083E+01 -5.000000E+00
  2.428972E+01 -5.000000E+00
  2.440909E+01 -5.000000E+00
  2.479798E+01 -5.000000E+00
  2.491736E+01 -5.000000E+00
  2.530624E+01 -5.000000E+00
  2.542562E+01 -5.000000E+00
  2.581451E+01 -5.000000E+00
  2.593388E+01 -5.000000E+00
  2.632277E+01 -5.000000E+00
  2.644215E+01 -5.000000E+00
  2.683104E+01 -5.000000E+00
  2.695041E+01 -5.000000E+00
  2.733930E+01 -5.000000E+00
  2.745868E+01 -5.000000E+00
  2.784757E+01 -5.000000E+00
  2.796694E+01 -5.000000E+00
  2.835583E+01 -5.000000E+00
  2.847521E+01 -5.000000E+00
  2.886410E+01 -5.000000E+00
  2.898347E+01 -5.000000E+00
  2.937236E+01 -5.000000E+00
  2.949174E+01 -5.000000E+00
  2.988062E+01 -5.000000E+00
  3.000000E+01 -5.000000E+00
  3.038889E+01 -5.000000E+00
  3.050826E+01 -5.000000E+00
  3.089715E+01 -5.000000E+00
  3.101653E+01 -5.000000E+00
  3.140542E+01 -5.000000E+00
  3.152479E+01 -5.000000E+00
  3.191368E+01 -5.000000E+00
  3.203306E+01 -5.000000E+00
  3.242195E+01 -5.000000E+00
  3.254132E+01 -5.000000E+00
  3.293021E+01 -5.000000E+00
  3.304959E+01 -5.000000E+00
  3.343848E+01 -5.000000E+00
  3.355785E+01 -5.000000E+00
  3.394674E+01 -5.000000E+00
  3.406612E+01 -5.000000E+00
  3.445500E+01 -5.000000E+00
  3.457438E+01 -5.000000E+00
  3.496327E+01 -5.000000E+00
  3.508264E+01 -5.000000E+00
  3.547153E+01 -5.000000E+00
  3.559091E+01 -5.000000E+00
  3.597980E+01 -5.000000E+00
  3.609917E+01 -5.000000E+00
  3.648806E+01 -5.000000E+00
  3.660744E+01 -5.000000E+00
  3.699633E+01 -5.000000E+00
  3.711570E+01 -5.000000E+00
  3.750459E+01 -5.000000E+00
  3.762397E+01 -5.000000E+00
  3.801286E+01 -5.000000E+00
  3.813223E+01 -5.000000E+00
  3.852112E+01 -5.000000E+00
  3.864050E+01 -5.000000E+00
  3.902938E+01 -5.000000E+00
  3.914876E+01 -5.000000E+00
  3.953765E+01 -5.000000E+00
  3.965702E+01 -5.000000E+00
  4.004591E+01 -5.000000E+00
  4.016529E+01 -5.000000E+00
  4.055418E+01 -5.000000E+00
  4.067355E+01 -5.000000E+00
  4.106244E+01 -5.000000E+00
  4.118182E+01 -5.000000E+00
  4.157071E+01 -5.000000E+00
  4.169008E+01 -5.000000E+00
  4.207897E+01 -5.000000E+00
  4.219835E+01 -5.000000E+00
  4.258724E+01 -5.000000E+00
  4.270661E+01 -5.000000E+00
  4.309550E+01 -5.000000E+00
  4.321488E+01 -5.000000E+00
  4.360376E+01 -5.000000E+00
  4.372314E+01 -5.000000E+00
  4.411203E+01 -5.000000E+00
  4.423140E+01 -5.000000E+00
  4.462029E+01 -5.000000E+00
  4.473967E+01 -5.000000E+00
  4.512856E+01 -5.000000E+00
  4.524793E+01 -5.000000E+00
  4.563682E+01 -5.000000E+00
  4.575620E+01 -5.000000E+00
  4.614509E+01 -5.000000E+00
  4.626446E+01 -5.000000E+00
  4.665335E+01 -5.000000E+00
  4.677273E+01 -5.000000E+00
  4.716162E+01 -5.000000E+00
  4.728099E+01 -5.000000E+00
  4.766988E+01 -5.000000E+00
  4.778926E+01 -5.000000E+00
  4.817815E+01 -5.000000E+00
  4.829752E+01 -5.000000E+00
  4.868641E+01 -5.000000E+00
  4.880579E+01 -5.000000E+00
  4.919467E+01 -5.000000E+00
  4.931405E+01 -5.000000E+00
  4.970294E+01 -5.000000E+00
  4.982231E+01 -5.000000E+00
  5.021120E+01 -5.000000E+00
  5.033058E+01 -5.000000E+00
  5.071947E+01 -5.000000E+00
  5.083884E+01 -5.000000E+00
  5.122773E+01 -5.000000E+00
  5.134711E+01 -5.000000E+00
  5.173600E+01 -5.000000E+00
  5.185537E+01 -5.000000E+00
  5.224426E+01 -5.000000E+00
  5.236364E+01 -5.000000E+00
  5.275253E+01 -5.000000E+00
  5.287190E+01 -5.000000E+00
  5.326079E+01 -5.000000E+00
  5.338017E+01 -5.000000E+00
  5.376905E+01 -5.000000E+00
  5.388843E+01 -5.000000E+00
  5.427732E+01 -5.000000E+00
  5.439669E+01 -5.000000E+00
  5.478558E+01 -5.000000E+00
  5.490496E+01 -5.000000E+00
  5.500000E+01 -4.706152E+00
  5.500000E+01 -4.611111E+00
  5.500000E+01 -4.516070E+00
  5.500000E+01 -4.098765E+00
  5.500000E+01 -4.003724E+00
  5.500000E+01 -3.586420E+00
  5.500000E+01 -3.491378E+00
  5.500000E+01 -3.074074E+00
  5.500000E+01 -2.979033E+00
  5.500000E+01 -2.561728E+00
  5.500000E+01 -2.466687E+00
  5.500000E+01 -2.049383E+00
  5.500000E+01 -1.954341E+00
  5.500000E+01 -1.537037E+00
  5.500000E+01 -1.441996E+00
  5.500000E+01 -1.024691E+00
  5.500000E+01 -9.296500E-01
  5.500000E+01 -5.123457E-01
  5.500000E+01 -4.173044E-01
  5.500000E+01  1.234923E-11
  5.500000E+01  9.504132E-02
  5.500000E+01  5.123457E-01
  5.500000E+01  6.073870E-01
  5.500000E+01  1.024691E+00
  5.500000E+01  1.119733E+00
  5.500000E+01  1.537037E+00
  5.500000E+01  1.632078E+00
  5.500000E+01  2.049383E+00
  5.500000E+01  2.144424E+00
  5.500000E+01  2.561728E+00
  5.500000E+01  2.656770E+00
  5.500000E+01  3.074074E+00
  5.500000E+01  3.169115E+00
  5.500000E+01  3.586420E+00
  5.500000E+01  3.681461E+00
  5.500000E+01  4.098765E+00
  5.500000E+01  4.193807E+00
  5.500000E+01  4.611111E+00
  5.500000E+01  4.706152E+00
  5.490496E+01  5.000000E+00
  5.451607E+01  5.000000E+00
  5.439669E+01  5.000000E+00
  5.400781E+01  5.000000E+00
  5.388843E+01  5.000000E+00
  5.349954E+01  5.000000E+00
  5.338017E+01  5.000000E+00
  5.299128E+01  5.000000E+00
  5.287190E+01  5.000000E+00
  5.248301E+01  5.000000E+00
  5.236364E+01  5.000000E+00
  5.197475E+01  5.000000E+00
  5.185537E+01  5.000000E+00
  5.146648E+01  5.000000E+00
  5.134711E+01  5.000000E+00
  5.095822E+01  5.000000E+00
  5.083884E+01  5.000000E+00
  5.044995E+01  5.000000E+00
  5.033058E+01  5.000000E+00
  4.994169E+01  5.000000E+00
  4.982231E+01  5.000000E+00
  4.943343E+01  5.000000E+00
  4.931405E+01  5.000000E+00
  4.892516E+01  5.000000E+00
  4.880579E+01  5.000000E+00
  4.841690E+01  5.000000E+00
  4.829752E+01  5.000000E+00
  4.790863E+01  5.000000E+00
  4.778926E+01  5.000000E+00
  4.740037E+01  5.000000E+00
  4.728099E+01  5.000000E+00
  4.689210E+01  5.000000E+00
  4.677273E+01  5.000000E+00
  4.638384E+01  5.000000E+00
  4.626446E+01  5.000000E+00
  4.587557E+01  5.000000E+00
  4.575620E+01  5.000000E+00
  4.536731E+01  5.000000E+00
  4.524793E+01  5.000000E+00
  4.485904E+01  5.000000E+00
  4.473967E+01  5.000000E+00
  4.435078E+01  5.000000E+00
  4.423140E+01  5.000000E+00
  4.384252E+01  5.000000E+00
  4.372314E+01  5.000000E+00
  4.333425E+01  5.000000E+00
  4.321488E+01  5.000000E+00
  4.282599E+01  5.000000E+00
  4.270661E+01  5.000000E+00
  4.231772E+01  5.000000E+00
  4.219835E+01  5.000000E+00
  4.180946E+01  5.000000E+00
  4.169008E+01  5.000000E+00
  4.130119E+01  5.000000E+00
  4.118182E+01  5.000000E+00
  4.079293E+01  5.000000E+00
  4.067355E+01  5.000000E+00
  4.028466E+01  5.000000E+00
  4.016529E+01  5.000000E+00
  3.977640E+01  5.000000E+00
  3.965702E+01  5.000000E+00
  3.926814E+01  5.000000E+00
  3.914876E+01  5.000000E+00
  3.875987E+01  5.000000E+00
  3.864050E+01  5.000000E+00
  3.825161E+01  5.000000E+00
  3.813223E+01  5.000000E+00
  3.774334E+01  5.000000E+00
  3.762397E+01  5.000000E+00
  3.723508E+01  5.000000E+00
  3.711570E+01  5.000000E+00
  3.672681E+01  5.000000E+00
  3.660744E+01  5.000000E+00
  3.621855E+01  5.000000E+00
  3.609917E+01  5.000000E+00
  3.571028E+01  5.000000E+00
  3.559091E+01  5.000000E+00
  3.520202E+01  5.000000E+00
  3.508264E+01  5.000000E+00
  3.469376E+01  5.000000E+00
  3.457438E+01  5.000000E+00
  3.418549E+01  5.000000E+00
  3.406612E+01  5.000000E+00
  3.367723E+01  5.000000E+00
  3.355785E+01  5.000000E+00
  3.316896E+01  5.000000E+00
  3.304959E+01  5.000000E+00
  3.266070E+01  5.000000E+00
  3.254132E+01  5.000000E+00
  3.215243E+01  5.000000E+00
  3.203306E+01  5.000000E+00
  3.164417E+01  5.000000E+00
  3.152479E+01  5.000000E+00
  3.113590E+01  5.000000E+00
  3.101653E+01  5.000000E+00
  3.062764E+01  5.000000E+00
  3.050826E+01  5.000000E+00
  3.011938E+01  5.000000E+00
  3.000000E+01  5.000000E+00
  2.961111E+01  5.000000E+00
  2.949174E+01  5.000000E+00
  2.910285E+01  5.000000E+00
  2.898347E+01  5.000000E+00
  2.859458E+01  5.000000E+00
  2.847521E+01  5.000000E+00
  2.808632E+01  5.000000E+00
  2.796694E+01  5.000000E+00
  2.757805E+01  5.000000E+00
  2.745868E+01  5.000000E+00
  2.706979E+01  5.000000E+00
  2.695041E+01  5.000000E+00
  2.656152E+01  5.000000E+00
  2.644215E+01  5.000000E+00
  2.605326E+01  5.000000E+00
  2.593388E+01  5.000000E+00
  2.554500E+01  5.000000E+00
  2.542562E+01  5.000000E+00
  2.503673E+01  5.000000E+00
  2.491736E+01  5.000000E+00
  2.452847E+01  5.000000E+00
  2.440909E+01  5.000000E+00
  2.402020E+01  5.000000E+00
  2.390083E+01  5.000000E+00
  2.351194E+01  5.000000E+00
  2.339256E+01  5.000000E+00
  2.300367E+01  5.000000E+00
  2.288430E+01  5.000000E+00
  2.249541E+01  5.000000E+00
  2.237603E+01  5.000000E+00
  2.198714E+01  5.000000E+00
  2.186777E+01  5.000000E+00
  2.147888E+01  5.000000E+00
  2.135950E+01  5.000000E+00
  2.097062E+01  5.000000E+00
  2.085124E+01  5.000000E+00
  2.046235E+01  5.000000E+00
  2.034298E+01  5.000000E+00
  1.995409E+01  5.000000E+00
  1.983471E+01  5.000000E+00
  1.944582E+01  5.000000E+00
  1.932645E+01  5.000000E+00
  1.893756E+01  5.000000E+00
  1.881818E+01  5.000000E+00
  1.842929E+01  5.000000E+00
  1.830992E+01  5.000000E+00
  1.792103E+01  5.000000E+00
  1.780165E+01  5.000000E+00
  1.741276E+01  5.000000E+00
  1.729339E+01  5.000000E+00
  1.690450E+01  5.000000E+00
  1.678512E+01  5.000000E+00
  1.639624E+01  5.000000E+00
  1.627686E+01  5.000000E+00
  1.588797E+01  5.000000E+00
  1.576860E+01  5.000000E+00
  1.537971E+01  5.000000E+00
  1.526033E+01  5.000000E+00
  1.487144E+01  5.000000E+00
  1.475207E+01  5.000000E+00
  1.436318E+01  5.000000E+00
  1.424380E+01  5.000000E+00
  1.385491E+01  5.000000E+00
  1.373554E+01  5.000000E+00
  1.334665E+01  5.000000E+00
  1.322727E+01  5.000000E+00
  1.283838E+01  5.000000E+00
  1.271901E+01  5.000000E+00
  1.233012E+01  5.000000E+00
  1.221074E+01  5.000000E+00
  1.182185E+01  5.000000E+00
  1.170248E+01  5.000000E+00
  1.131359E+01  5.000000E+00
  1.119421E+01  5.000000E+00
  1.080533E+01  5.000000E+00
  1.068595E+01  5.000000E+00
  1.029706E+01  5.000000E+00
  1.017769E+01  5.000000E+00
  9.788797E+00  5.000000E+00
  9.669421E+00  5.000000E+00
  9.280533E+00  5.000000E+00
  9.161157E+00  5.000000E+00
  8.772268E+00  5.000000E+00
  8.652893E+00  5.000000E+00
  8.264004E+00  5.000000E+00
  8.144628E+00  5.000000E+00
  7.755739E+00  5.000000E+00
  7.636364E+00  5.000000E+00
  7.247475E+00  5.000000E+00
  7.128099E+00  5.000000E+00
  6.739210E+00  5.000000E+00
  6.619835E+00  5.000000E+00
  6.230946E+00  5.000000E+00
  6.111570E+00  5.000000E+00
  5.722681E+00  5.000000E+00
  5.603306E+00  5.000000E+00
  5.214417E+00  5.000000E+00
  5.000000E+00  4.706152E+00
  5.000000E+00 -4.611111E+00

w:2/ x(   0.3250000E+02) y(   0.7500000E+01) ix(2) iy(2) s(   0.7000E+00)

hb:   line clip z   cb(orangeyellow)
clip:
  1.005423E+01  5.000000E+00
  5.490496E+01  5.000000E+00
  5.500000E+01  5.028415E+00
  5.500000E+01  5.123457E+00
  5.500000E+01  5.218498E+00
  5.500000E+01  5.635802E+00
  5.500000E+01  5.730844E+00
  5.500000E+01  6.148148E+00
  5.500000E+01  6.243189E+00
  5.500000E+01  6.660494E+00
  5.500000E+01  6.755535E+00
  5.500000E+01  7.172840E+00
  5.500000E+01  7.267881E+00
  5.500000E+01  7.685185E+00
  5.500000E+01  7.780227E+00
  5.500000E+01  8.197531E+00
  5.500000E+01  8.292572E+00
  5.500000E+01  8.709877E+00
  5.500000E+01  8.804918E+00
  5.500000E+01  9.222222E+00
  5.500000E+01  9.317264E+00
  5.500000E+01  9.734568E+00
  5.500000E+01  9.829609E+00
  5.490496E+01  1.000000E+01
  5.463953E+01  1.000000E+01
  5.439669E+01  1.000000E+01
  5.413126E+01  1.000000E+01
  5.388843E+01  1.000000E+01
  5.362300E+01  1.000000E+01
  5.338017E+01  1.000000E+01
  5.311473E+01  1.000000E+01
  5.287190E+01  1.000000E+01
  5.260647E+01  1.000000E+01
  5.236364E+01  1.000000E+01
  5.209820E+01  1.000000E+01
  5.185537E+01  1.000000E+01
  5.158994E+01  1.000000E+01
  5.134711E+01  1.000000E+01
  5.108168E+01  1.000000E+01
  5.083884E+01  1.000000E+01
  5.057341E+01  1.000000E+01
  5.033058E+01  1.000000E+01
  5.006515E+01  1.000000E+01
  4.982231E+01  1.000000E+01
  4.955688E+01  1.000000E+01
  4.931405E+01  1.000000E+01
  4.904862E+01  1.000000E+01
  4.880579E+01  1.000000E+01
  4.854035E+01  1.000000E+01
  4.829752E+01  1.000000E+01
  4.803209E+01  1.000000E+01
  4.778926E+01  1.000000E+01
  4.752382E+01  1.000000E+01
  4.728099E+01  1.000000E+01
  4.701556E+01  1.000000E+01
  4.677273E+01  1.000000E+01
  4.650730E+01  1.000000E+01
  4.626446E+01  1.000000E+01
  4.599903E+01  1.000000E+01
  4.575620E+01  1.000000E+01
  4.549077E+01  1.000000E+01
  4.524793E+01  1.000000E+01
  4.498250E+01  1.000000E+01
  4.473967E+01  1.000000E+01
  4.447424E+01  1.000000E+01
  4.423140E+01  1.000000E+01
  4.396597E+01  1.000000E+01
  4.372314E+01  1.000000E+01
  4.345771E+01  1.000000E+01
  4.321488E+01  1.000000E+01
  4.294944E+01  1.000000E+01
  4.270661E+01  1.000000E+01
  4.244118E+01  1.000000E+01
  4.219835E+01  1.000000E+01
  4.193292E+01  1.000000E+01
  4.169008E+01  1.000000E+01
  4.142465E+01  1.000000E+01
  4.118182E+01  1.000000E+01
  4.091639E+01  1.000000E+01
  4.067355E+01  1.000000E+01
  4.040812E+01  1.000000E+01
  4.016529E+01  1.000000E+01
  3.989986E+01  1.000000E+01
  3.965702E+01  1.000000E+01
  3.939159E+01  1.000000E+01
  3.914876E+01  1.000000E+01
  3.888333E+01  1.000000E+01
  3.864050E+01  1.000000E+01
  3.837506E+01  1.000000E+01
  3.813223E+01  1.000000E+01
  3.786680E+01  1.000000E+01
  3.762397E+01  1.000000E+01
  3.735853E+01  1.000000E+01
  3.711570E+01  1.000000E+01
  3.685027E+01  1.000000E+01
  3.660744E+01  1.000000E+01
  3.634201E+01  1.000000E+01
  3.609917E+01  1.000000E+01
  3.583374E+01  1.000000E+01
  3.559091E+01  1.000000E+01
  3.532548E+01  1.000000E+01
  3.508264E+01  1.000000E+01
  3.481721E+01  1.000000E+01
  3.457438E+01  1.000000E+01
  3.430895E+01  1.000000E+01
  3.406612E+01  1.000000E+01
  3.380068E+01  1.000000E+01
  3.355785E+01  1.000000E+01
  3.329242E+01  1.000000E+01
  3.304959E+01  1.000000E+01
  3.278415E+01  1.000000E+01
  3.254132E+01  1.000000E+01
  3.227589E+01  1.000000E+01
  3.203306E+01  1.000000E+01
  3.176763E+01  1.000000E+01
  3.152479E+01  1.000000E+01
  3.125936E+01  1.000000E+01
  3.101653E+01  1.000000E+01
  3.075110E+01  1.000000E+01
  3.050826E+01  1.000000E+01
  3.024283E+01  1.000000E+01
  3.000000E+01  1.000000E+01
  2.973457E+01  1.000000E+01
  2.949174E+01  1.000000E+01
  2.922630E+01  1.000000E+01
  2.898347E+01  1.000000E+01
  2.871804E+01  1.000000E+01
  2.847521E+01  1.000000E+01
  2.820977E+01  1.000000E+01
  2.796694E+01  1.000000E+01
  2.770151E+01  1.000000E+01
  2.745868E+01  1.000000E+01
  2.719325E+01  1.000000E+01
  2.695041E+01  1.000000E+01
  2.668498E+01  1.000000E+01
  2.644215E+01  1.000000E+01
  2.617672E+01  1.000000E+01
  2.593388E+01  1.000000E+01
  2.566845E+01  1.000000E+01
  2.542562E+01  1.000000E+01
  2.516019E+01  1.000000E+01
  2.491736E+01  1.000000E+01
  2.465192E+01  1.000000E+01
  2.440909E+01  1.000000E+01
  2.414366E+01  1.000000E+01
  2.390083E+01  1.000000E+01
  2.363539E+01  1.000000E+01
  2.339256E+01  1.000000E+01
  2.312713E+01  1.000000E+01
  2.288430E+01  1.000000E+01
  2.261887E+01  1.000000E+01
  2.237603E+01  1.000000E+01
  2.211060E+01  1.000000E+01
  2.186777E+01  1.000000E+01
  2.160234E+01  1.000000E+01
  2.135950E+01  1.000000E+01
  2.109407E+01  1.000000E+01
  2.085124E+01  1.000000E+01
  2.058581E+01  1.000000E+01
  2.034298E+01  1.000000E+01
  2.007754E+01  1.000000E+01
  1.983471E+01  1.000000E+01
  1.956928E+01  1.000000E+01
  1.932645E+01  1.000000E+01
  1.906101E+01  1.000000E+01
  1.881818E+01  1.000000E+01
  1.855275E+01  1.000000E+01
  1.830992E+01  1.000000E+01
  1.804449E+01  1.000000E+01
  1.780165E+01  1.000000E+01
  1.753622E+01  1.000000E+01
  1.729339E+01  1.000000E+01
  1.702796E+01  1.000000E+01
  1.678512E+01  1.000000E+01
  1.651969E+01  1.000000E+01
  1.627686E+01  1.000000E+01
  1.601143E+01  1.000000E+01
  1.576860E+01  1.000000E+01
  1.550316E+01  1.000000E+01
  1.526033E+01  1.000000E+01
  1.499490E+01  1.000000E+01
  1.475207E+01  1.000000E+01
  1.448663E+01  1.000000E+01
  1.424380E+01  1.000000E+01
  1.397837E+01  1.000000E+01
  1.373554E+01  1.000000E+01
  1.347011E+01  1.000000E+01
  1.322727E+01  1.000000E+01
  1.296184E+01  1.000000E+01
  1.271901E+01  1.000000E+01
  1.245358E+01  1.000000E+01
  1.221074E+01  1.000000E+01
  1.194531E+01  1.000000E+01
  1.170248E+01  1.000000E+01
  1.143705E+01  1.000000E+01
  1.119421E+01  1.000000E+01
  1.092878E+01  1.000000E+01
  1.068595E+01  1.000000E+01
  1.042052E+01  1.000000E+01
  1.017769E+01  1.000000E+01
  1.000000E+01  9.912254E+00
  1.000000E+01  9.734568E+00
  1.000000E+01  9.556882E+00
  1.000000E+01  9.222222E+00
  1.000000E+01  9.044536E+00
  1.000000E+01  8.709877E+00
  1.000000E+01  8.532191E+00
  1.000000E+01  8.197531E+00
  1.000000E+01  8.019845E+00
  1.000000E+01  7.685185E+00
  1.000000E+01  7.507499E+00
  1.000000E+01  7.172840E+00
  1.000000E+01  6.995154E+00
  1.000000E+01  6.660494E+00
  1.000000E+01  6.482808E+00
  1.000000E+01  6.148148E+00
  1.000000E+01  5.970462E+00
  1.000000E+01  5.635802E+00
  1.000000E+01  5.458117E+00
  1.000000E+01  5.123457E+00

w:3/ x(   0.3500000E+02) y(   0.1250000E+02) ix(2) iy(2) s(   0.7000E+00)

hb:   line clip z   cb(pastelblue)
clip:
  1.501342E+01  1.000000E+01
  5.490496E+01  1.000000E+01
  5.500000E+01  1.015187E+01
  5.500000E+01  1.024691E+01
  5.500000E+01  1.034195E+01
  5.500000E+01  1.075926E+01
  5.500000E+01  1.085430E+01
  5.500000E+01  1.127160E+01
  5.500000E+01  1.136665E+01
  5.500000E+01  1.178395E+01
  5.500000E+01  1.187899E+01
  5.500000E+01  1.229630E+01
  5.500000E+01  1.239134E+01
  5.500000E+01  1.280864E+01
  5.500000E+01  1.290368E+01
  5.500000E+01  1.332099E+01
  5.500000E+01  1.341603E+01
  5.500000E+01  1.383333E+01
  5.500000E+01  1.392837E+01
  5.500000E+01  1.434568E+01
  5.500000E+01  1.444072E+01
  5.500000E+01  1.485802E+01
  5.500000E+01  1.495307E+01
  5.490496E+01  1.500000E+01
  5.476298E+01  1.500000E+01
  5.439669E+01  1.500000E+01
  5.425472E+01  1.500000E+01
  5.388843E+01  1.500000E+01
  5.374645E+01  1.500000E+01
  5.338017E+01  1.500000E+01
  5.323819E+01  1.500000E+01
  5.287190E+01  1.500000E+01
  5.272993E+01  1.500000E+01
  5.236364E+01  1.500000E+01
  5.222166E+01  1.500000E+01
  5.185537E+01  1.500000E+01
  5.171340E+01  1.500000E+01
  5.134711E+01  1.500000E+01
  5.120513E+01  1.500000E+01
  5.083884E+01  1.500000E+01
  5.069687E+01  1.500000E+01
  5.033058E+01  1.500000E+01
  5.018860E+01  1.500000E+01
  4.982231E+01  1.500000E+01
  4.968034E+01  1.500000E+01
  4.931405E+01  1.500000E+01
  4.917207E+01  1.500000E+01
  4.880579E+01  1.500000E+01
  4.866381E+01  1.500000E+01
  4.829752E+01  1.500000E+01
  4.815555E+01  1.500000E+01
  4.778926E+01  1.500000E+01
  4.764728E+01  1.500000E+01
  4.728099E+01  1.500000E+01
  4.713902E+01  1.500000E+01
  4.677273E+01  1.500000E+01
  4.663075E+01  1.500000E+01
  4.626446E+01  1.500000E+01
  4.612249E+01  1.500000E+01
  4.575620E+01  1.500000E+01
  4.561422E+01  1.500000E+01
  4.524793E+01  1.500000E+01
  4.510596E+01  1.500000E+01
  4.473967E+01  1.500000E+01
  4.459769E+01  1.500000E+01
  4.423140E+01  1.500000E+01
  4.408943E+01  1.500000E+01
  4.372314E+01  1.500000E+01
  4.358117E+01  1.500000E+01
  4.321488E+01  1.500000E+01
  4.307290E+01  1.500000E+01
  4.270661E+01  1.500000E+01
  4.256464E+01  1.500000E+01
  4.219835E+01  1.500000E+01
  4.205637E+01  1.500000E+01
  4.169008E+01  1.500000E+01
  4.154811E+01  1.500000E+01
  4.118182E+01  1.500000E+01
  4.103984E+01  1.500000E+01
  4.067355E+01  1.500000E+01
  4.053158E+01  1.500000E+01
  4.016529E+01  1.500000E+01
  4.002331E+01  1.500000E+01
  3.965702E+01  1.500000E+01
  3.951505E+01  1.500000E+01
  3.914876E+01  1.500000E+01
  3.900679E+01  1.500000E+01
  3.864050E+01  1.500000E+01
  3.849852E+01  1.500000E+01
  3.813223E+01  1.500000E+01
  3.799026E+01  1.500000E+01
  3.762397E+01  1.500000E+01
  3.748199E+01  1.500000E+01
  3.711570E+01  1.500000E+01
  3.697373E+01  1.500000E+01
  3.660744E+01  1.500000E+01
  3.646546E+01  1.500000E+01
  3.609917E+01  1.500000E+01
  3.595720E+01  1.500000E+01
  3.559091E+01  1.500000E+01
  3.544893E+01  1.500000E+01
  3.508264E+01  1.500000E+01
  3.494067E+01  1.500000E+01
  3.457438E+01  1.500000E+01
  3.443240E+01  1.500000E+01
  3.406612E+01  1.500000E+01
  3.392414E+01  1.500000E+01
  3.355785E+01  1.500000E+01
  3.341588E+01  1.500000E+01
  3.304959E+01  1.500000E+01
  3.290761E+01  1.500000E+01
  3.254132E+01  1.500000E+01
  3.239935E+01  1.500000E+01
  3.203306E+01  1.500000E+01
  3.189108E+01  1.500000E+01
  3.152479E+01  1.500000E+01
  3.138282E+01  1.500000E+01
  3.101653E+01  1.500000E+01
  3.087455E+01  1.500000E+01
  3.050826E+01  1.500000E+01
  3.036629E+01  1.500000E+01
  3.000000E+01  1.500000E+01
  2.985802E+01  1.500000E+01
  2.949174E+01  1.500000E+01
  2.934976E+01  1.500000E+01
  2.898347E+01  1.500000E+01
  2.884150E+01  1.500000E+01
  2.847521E+01  1.500000E+01
  2.833323E+01  1.500000E+01
  2.796694E+01  1.500000E+01
  2.782497E+01  1.500000E+01
  2.745868E+01  1.500000E+01
  2.731670E+01  1.500000E+01
  2.695041E+01  1.500000E+01
  2.680844E+01  1.500000E+01
  2.644215E+01  1.500000E+01
  2.630017E+01  1.500000E+01
  2.593388E+01  1.500000E+01
  2.579191E+01  1.500000E+01
  2.542562E+01  1.500000E+01
  2.528364E+01  1.500000E+01
  2.491736E+01  1.500000E+01
  2.477538E+01  1.500000E+01
  2.440909E+01  1.500000E+01
  2.426712E+01  1.500000E+01
  2.390083E+01  1.500000E+01
  2.375885E+01  1.500000E+01
  2.339256E+01  1.500000E+01
  2.325059E+01  1.500000E+01
  2.288430E+01  1.500000E+01
  2.274232E+01  1.500000E+01
  2.237603E+01  1.500000E+01
  2.223406E+01  1.500000E+01
  2.186777E+01  1.500000E+01
  2.172579E+01  1.500000E+01
  2.135950E+01  1.500000E+01
  2.121753E+01  1.500000E+01
  2.085124E+01  1.500000E+01
  2.070926E+01  1.500000E+01
  2.034298E+01  1.500000E+01
  2.020100E+01  1.500000E+01
  1.983471E+01  1.500000E+01
  1.969274E+01  1.500000E+01
  1.932645E+01  1.500000E+01
  1.918447E+01  1.500000E+01
  1.881818E+01  1.500000E+01
  1.867621E+01  1.500000E+01
  1.830992E+01  1.500000E+01
  1.816794E+01  1.500000E+01
  1.780165E+01  1.500000E+01
  1.765968E+01  1.500000E+01
  1.729339E+01  1.500000E+01
  1.715141E+01  1.500000E+01
  1.678512E+01  1.500000E+01
  1.664315E+01  1.500000E+01
  1.627686E+01  1.500000E+01
  1.613488E+01  1.500000E+01
  1.576860E+01  1.500000E+01
  1.562662E+01  1.500000E+01
  1.526033E+01  1.500000E+01
  1.511836E+01  1.500000E+01
  1.500000E+01  1.485802E+01
  1.500000E+01  1.459769E+01
  1.500000E+01  1.434568E+01
  1.500000E+01  1.408535E+01
  1.500000E+01  1.383333E+01
  1.500000E+01  1.357300E+01
  1.500000E+01  1.332099E+01
  1.500000E+01  1.306066E+01
  1.500000E+01  1.280864E+01
  1.500000E+01  1.254831E+01
  1.500000E+01  1.229630E+01
  1.500000E+01  1.203597E+01
  1.500000E+01  1.178395E+01
  1.500000E+01  1.152362E+01
  1.500000E+01  1.127160E+01
  1.500000E+01  1.101127E+01
  1.500000E+01  1.075926E+01
  1.500000E+01  1.049893E+01
  1.500000E+01  1.024691E+01

wt: s[c5]
\vspace{-3}
  emin  &=&   0.0000E+00 [MeV]
  emax  &=&   1.0000E+03 [MeV]
  xmin  &=&  -2.0000E+01 [cm]
  xmax  &=&   2.0000E+01 [cm]
  part. &=& proton  
e:
