[ T - Deposit ]
    title = [t-deposit] in region mesh
     mesh =  reg            # mesh type is region-wise
      reg = { 1 - 4 }
     unit =    3            # unit is [1/source] : only for output=deposit
   letmat =    5            # (D=0) material id for LET, 0: real material
  dedxfnc =    0            # (D=0) user defined multiplier, 0(no), 1, 2
 material =  all            # (D=all) number of specific material
   output = deposit         # deposit enerygy distribution
   e-type =    3            # e-mesh is log given by emin, emax and ne
     emin =  1.0000000E-03  # minimum value of e-mesh points
     emax =   1000.000      # maximum value of e-mesh points
#    edel =  0.2763102      # mesh width of e-mesh points
       ne =   50            # number of e-mesh points
#    data = ( e(i), i = 1, ne + 1 )
#           1.00000E-03  1.31826E-03  1.73780E-03  2.29087E-03  3.01995E-03
#           3.98107E-03  5.24807E-03  6.91831E-03  9.12011E-03  1.20226E-02
#           1.58489E-02  2.08930E-02  2.75423E-02  3.63078E-02  4.78630E-02
#           6.30957E-02  8.31764E-02  1.09648E-01  1.44544E-01  1.90546E-01
#           2.51189E-01  3.31131E-01  4.36516E-01  5.75440E-01  7.58578E-01
#           1.00000E+00  1.31826E+00  1.73780E+00  2.29087E+00  3.01995E+00
#           3.98107E+00  5.24807E+00  6.91831E+00  9.12011E+00  1.20226E+01
#           1.58489E+01  2.08930E+01  2.75423E+01  3.63078E+01  4.78630E+01
#           6.30957E+01  8.31764E+01  1.09648E+02  1.44544E+02  1.90546E+02
#           2.51189E+02  3.31131E+02  4.36516E+02  5.75440E+02  7.58578E+02
#           1.00000E+03
     axis =   eng           # axis of output
     file = d-reg-eng.dat   # file name of output for the above axis
     part =  all        proton     nucleus    electron   alpha      pion+    
# kf/name :  0          2212       0          11         2000004    211      
   epsout =    1            # (D=0) generate eps file by ANGEL
#    used :        main (  %)        temp (  %)       total (  %)
#  memory :        2505 (  0)        2459 (  0)        4964 (  0)

#------------------------------------------------------------------------------
#newpage:
#   no. =  1   reg =    1

x: Deposit Energy [MeV]
y: Number [1/source]     
p: xlog ylog afac(0.8) form(0.9)
h: n            x            y(all     ),hh0l  n  y(proton  ),hh0dr n  y(nucleus ),hh0mb n  y(electron),hh0ug n  y(alpha   ),hh0pc n  y(pion+   ),hh0q  n  
#  e-lower      e-upper     deposit      r.err   deposit      r.err   deposit      r.err   deposit      r.err   deposit      r.err   deposit      r.err 
   1.0000E-03   1.3183E-03   0.0000E+00  0.0000   0.0000E+00  0.0000   0.0000E+00  0.0000   0.0000E+00  0.0000   0.0000E+00  0.0000   0.0000E+00  0.0000
   1.3183E-03   1.7378E-03   0.0000E+00  0.0000   0.0000E+00  0.0000   0.0000E+00  0.0000   0.0000E+00  0.0000   0.0000E+00  0.0000   0.0000E+00  0.0000
   1.7378E-03   2.2909E-03   0.0000E+00  0.0000   0.0000E+00  0.0000   0.0000E+00  0.0000   0.0000E+00  0.0000   0.0000E+00  0.0000   0.0000E+00  0.0000
   2.2909E-03   3.0200E-03   0.0000E+00  0.0000   0.0000E+00  0.0000   0.0000E+00  0.0000   2.0000E-03  0.7064   0.0000E+00  0.0000   0.0000E+00  0.0000
   3.0200E-03   3.9811E-03   0.0000E+00  0.0000   0.0000E+00  0.0000   0.0000E+00  0.0000   2.0000E-03  0.7064   0.0000E+00  0.0000   0.0000E+00  0.0000
   3.9811E-03   5.2481E-03   0.0000E+00  0.0000   0.0000E+00  0.0000   0.0000E+00  0.0000   0.0000E+00  0.0000   0.0000E+00  0.0000   0.0000E+00  0.0000
   5.2481E-03   6.9183E-03   0.0000E+00  0.0000   0.0000E+00  0.0000   2.0000E-03  0.7064   0.0000E+00  0.0000   0.0000E+00  0.0000   0.0000E+00  0.0000
   6.9183E-03   9.1201E-03   0.0000E+00  0.0000   0.0000E+00  0.0000   0.0000E+00  0.0000   1.0000E-03  0.9995   0.0000E+00  0.0000   0.0000E+00  0.0000
   9.1201E-03   1.2023E-02   0.0000E+00  0.0000   0.0000E+00  0.0000   2.0000E-03  0.7064   2.0000E-03  0.7064   0.0000E+00  0.0000   0.0000E+00  0.0000
   1.2023E-02   1.5849E-02   0.0000E+00  0.0000   0.0000E+00  0.0000   3.0000E-03  0.5765   0.0000E+00  0.0000   0.0000E+00  0.0000   0.0000E+00  0.0000
   1.5849E-02   2.0893E-02   0.0000E+00  0.0000   0.0000E+00  0.0000   3.0000E-03  0.5765   5.0000E-03  0.4461   0.0000E+00  0.0000   0.0000E+00  0.0000
   2.0893E-02   2.7542E-02   0.0000E+00  0.0000   0.0000E+00  0.0000   6.0000E-03  0.4070   5.0000E-03  0.4461   0.0000E+00  0.0000   0.0000E+00  0.0000
   2.7542E-02   3.6308E-02   0.0000E+00  0.0000   0.0000E+00  0.0000   5.0000E-03  0.4461   3.0000E-03  0.5765   0.0000E+00  0.0000   0.0000E+00  0.0000
   3.6308E-02   4.7863E-02   0.0000E+00  0.0000   0.0000E+00  0.0000   6.0000E-03  0.4070   4.0000E-03  0.4990   0.0000E+00  0.0000   0.0000E+00  0.0000
   4.7863E-02   6.3096E-02   0.0000E+00  0.0000   0.0000E+00  0.0000   1.4000E-02  0.2654   1.3000E-02  0.2755   0.0000E+00  0.0000   0.0000E+00  0.0000
   6.3096E-02   8.3176E-02   0.0000E+00  0.0000   0.0000E+00  0.0000   9.0000E-03  0.3318   9.0000E-03  0.3318   0.0000E+00  0.0000   0.0000E+00  0.0000
   8.3176E-02   1.0965E-01   0.0000E+00  0.0000   0.0000E+00  0.0000   9.0000E-03  0.3318   6.0000E-03  0.4070   0.0000E+00  0.0000   0.0000E+00  0.0000
   1.0965E-01   1.4454E-01   0.0000E+00  0.0000   0.0000E+00  0.0000   1.4000E-02  0.2654   3.0000E-03  0.5765   0.0000E+00  0.0000   0.0000E+00  0.0000
   1.4454E-01   1.9055E-01   0.0000E+00  0.0000   0.0000E+00  0.0000   2.3000E-02  0.2061   5.0000E-03  0.4461   0.0000E+00  0.0000   0.0000E+00  0.0000
   1.9055E-01   2.5119E-01   0.0000E+00  0.0000   0.0000E+00  0.0000   2.5000E-02  0.1975   9.0000E-03  0.3318   0.0000E+00  0.0000   0.0000E+00  0.0000
   2.5119E-01   3.3113E-01   0.0000E+00  0.0000   0.0000E+00  0.0000   2.6000E-02  0.1935   6.0000E-03  0.4070   0.0000E+00  0.0000   0.0000E+00  0.0000
   3.3113E-01   4.3652E-01   0.0000E+00  0.0000   0.0000E+00  0.0000   2.8000E-02  0.1863   3.0000E-03  0.5765   0.0000E+00  0.0000   0.0000E+00  0.0000
   4.3652E-01   5.7544E-01   0.0000E+00  0.0000   0.0000E+00  0.0000   4.5000E-02  0.1457   6.0000E-03  0.4070   0.0000E+00  0.0000   0.0000E+00  0.0000
   5.7544E-01   7.5858E-01   0.0000E+00  0.0000   0.0000E+00  0.0000   3.3000E-02  0.1712   3.0000E-03  0.5765   1.0000E-03  0.9995   0.0000E+00  0.0000
   7.5858E-01   1.0000E+00   0.0000E+00  0.0000   0.0000E+00  0.0000   4.9000E-02  0.1393   9.0000E-03  0.3318   0.0000E+00  0.0000   0.0000E+00  0.0000
   1.0000E+00   1.3183E+00   0.0000E+00  0.0000   0.0000E+00  0.0000   4.4000E-02  0.1474   7.0000E-03  0.3766   1.0000E-03  0.9995   0.0000E+00  0.0000
   1.3183E+00   1.7378E+00   0.0000E+00  0.0000   0.0000E+00  0.0000   3.6000E-02  0.1636   3.0000E-03  0.5765   2.0000E-03  0.7064   0.0000E+00  0.0000
   1.7378E+00   2.2909E+00   0.0000E+00  0.0000   0.0000E+00  0.0000   3.2000E-02  0.1739   8.0000E-03  0.3521   5.0000E-03  0.4461   0.0000E+00  0.0000
   2.2909E+00   3.0200E+00   0.0000E+00  0.0000   0.0000E+00  0.0000   2.7000E-02  0.1898   4.0000E-03  0.4990   6.0000E-03  0.4070   0.0000E+00  0.0000
   3.0200E+00   3.9811E+00   0.0000E+00  0.0000   0.0000E+00  0.0000   3.2000E-02  0.1739   7.0000E-03  0.3766   1.0000E-02  0.3146   0.0000E+00  0.0000
   3.9811E+00   5.2481E+00   0.0000E+00  0.0000   0.0000E+00  0.0000   1.9000E-02  0.2272   1.0000E-02  0.3146   1.1000E-02  0.2998   0.0000E+00  0.0000
   5.2481E+00   6.9183E+00   0.0000E+00  0.0000   1.0000E-03  0.9995   2.1000E-02  0.2159   3.0000E-03  0.5765   1.5000E-02  0.2563   0.0000E+00  0.0000
   6.9183E+00   9.1201E+00   1.0000E-03  0.9995   0.0000E+00  0.0000   1.6000E-02  0.2480   2.0000E-03  0.7064   5.0000E-03  0.4461   0.0000E+00  0.0000
   9.1201E+00   1.2023E+01   0.0000E+00  0.0000   0.0000E+00  0.0000   1.3000E-02  0.2755   0.0000E+00  0.0000   6.0000E-03  0.4070   0.0000E+00  0.0000
   1.2023E+01   1.5849E+01   1.0000E-03  0.9995   2.0000E-03  0.7064   2.0000E-03  0.7064   0.0000E+00  0.0000   5.0000E-03  0.4461   0.0000E+00  0.0000
   1.5849E+01   2.0893E+01   0.0000E+00  0.0000   0.0000E+00  0.0000   1.0000E-03  0.9995   0.0000E+00  0.0000   7.0000E-03  0.3766   0.0000E+00  0.0000
   2.0893E+01   2.7542E+01   0.0000E+00  0.0000   0.0000E+00  0.0000   0.0000E+00  0.0000   0.0000E+00  0.0000   2.0000E-03  0.7064   1.0000E-03  0.9995
   2.7542E+01   3.6308E+01   0.0000E+00  0.0000   0.0000E+00  0.0000   0.0000E+00  0.0000   0.0000E+00  0.0000   0.0000E+00  0.0000   0.0000E+00  0.0000
   3.6308E+01   4.7863E+01   2.0000E-03  0.7064   2.0000E-03  0.7064   0.0000E+00  0.0000   0.0000E+00  0.0000   0.0000E+00  0.0000   0.0000E+00  0.0000
   4.7863E+01   6.3096E+01   1.1000E-02  0.2998   1.2000E-02  0.2869   0.0000E+00  0.0000   0.0000E+00  0.0000   0.0000E+00  0.0000   0.0000E+00  0.0000
   6.3096E+01   8.3176E+01   1.0000E-02  0.3146   1.1000E-02  0.2998   0.0000E+00  0.0000   0.0000E+00  0.0000   0.0000E+00  0.0000   0.0000E+00  0.0000
   8.3176E+01   1.0965E+02   2.6000E-02  0.1935   2.8000E-02  0.1863   0.0000E+00  0.0000   0.0000E+00  0.0000   0.0000E+00  0.0000   0.0000E+00  0.0000
   1.0965E+02   1.4454E+02   5.4000E-02  0.1324   5.9000E-02  0.1263   0.0000E+00  0.0000   0.0000E+00  0.0000   0.0000E+00  0.0000   0.0000E+00  0.0000
   1.4454E+02   1.9055E+02   1.0400E-01  0.0928   1.1000E-01  0.0899   0.0000E+00  0.0000   0.0000E+00  0.0000   0.0000E+00  0.0000   0.0000E+00  0.0000
   1.9055E+02   2.5119E+02   1.1500E-01  0.0877   1.0700E-01  0.0914   0.0000E+00  0.0000   0.0000E+00  0.0000   0.0000E+00  0.0000   0.0000E+00  0.0000
   2.5119E+02   3.3113E+02   6.7600E-01  0.0219   6.6800E-01  0.0223   0.0000E+00  0.0000   0.0000E+00  0.0000   0.0000E+00  0.0000   0.0000E+00  0.0000
   3.3113E+02   4.3652E+02   0.0000E+00  0.0000   0.0000E+00  0.0000   0.0000E+00  0.0000   0.0000E+00  0.0000   0.0000E+00  0.0000   0.0000E+00  0.0000
   4.3652E+02   5.7544E+02   0.0000E+00  0.0000   0.0000E+00  0.0000   0.0000E+00  0.0000   0.0000E+00  0.0000   0.0000E+00  0.0000   0.0000E+00  0.0000
   5.7544E+02   7.5858E+02   0.0000E+00  0.0000   0.0000E+00  0.0000   0.0000E+00  0.0000   0.0000E+00  0.0000   0.0000E+00  0.0000   0.0000E+00  0.0000
   7.5858E+02   1.0000E+03   0.0000E+00  0.0000   0.0000E+00  0.0000   0.0000E+00  0.0000   0.0000E+00  0.0000   0.0000E+00  0.0000   0.0000E+00  0.0000

#   sum over                 1.0000E+00  0.0227   1.0000E+00  0.0229   5.4500E-01  0.0422   1.4000E-01  0.0842   7.6000E-02  0.1142   1.0000E-03  0.9995

'no. =  1,  reg  =      1'
msuc: {\huge [t-deposit] in region mesh}
msdl: {\it plotted by \ANGEL \version}
msdr: {\it calculated by \PHITS  2.30}
wt: s(0.7)
\vspace{-3}
   vol  &=&   1.0000E+00 [cm^3]
e:

#------------------------------------------------------------------------------
 newpage:
#   no. =  2   reg =    2

x: Deposit Energy [MeV]
y: Number [1/source]     
p: xlog ylog afac(0.8) form(0.9)
h: n            x            y(all     ),hh0l  n  y(proton  ),hh0dr n  y(nucleus ),hh0mb n  y(electron),hh0ug n  y(alpha   ),hh0pc n  y(pion+   ),hh0q  n  
#  e-lower      e-upper     deposit      r.err   deposit      r.err   deposit      r.err   deposit      r.err   deposit      r.err   deposit      r.err 
   1.0000E-03   1.3183E-03   0.0000E+00  0.0000   0.0000E+00  0.0000   0.0000E+00  0.0000   0.0000E+00  0.0000   0.0000E+00  0.0000   0.0000E+00  0.0000
   1.3183E-03   1.7378E-03   0.0000E+00  0.0000   0.0000E+00  0.0000   0.0000E+00  0.0000   0.0000E+00  0.0000   0.0000E+00  0.0000   0.0000E+00  0.0000
   1.7378E-03   2.2909E-03   0.0000E+00  0.0000   0.0000E+00  0.0000   0.0000E+00  0.0000   1.0000E-03  0.9995   0.0000E+00  0.0000   0.0000E+00  0.0000
   2.2909E-03   3.0200E-03   0.0000E+00  0.0000   0.0000E+00  0.0000   1.0000E-03  0.9995   0.0000E+00  0.0000   0.0000E+00  0.0000   0.0000E+00  0.0000
   3.0200E-03   3.9811E-03   0.0000E+00  0.0000   0.0000E+00  0.0000   0.0000E+00  0.0000   1.0000E-03  0.9995   0.0000E+00  0.0000   0.0000E+00  0.0000
   3.9811E-03   5.2481E-03   0.0000E+00  0.0000   0.0000E+00  0.0000   0.0000E+00  0.0000   1.0000E-03  0.9995   0.0000E+00  0.0000   0.0000E+00  0.0000
   5.2481E-03   6.9183E-03   1.0000E-03  0.9995   0.0000E+00  0.0000   0.0000E+00  0.0000   1.0000E-03  0.9995   0.0000E+00  0.0000   0.0000E+00  0.0000
   6.9183E-03   9.1201E-03   0.0000E+00  0.0000   0.0000E+00  0.0000   1.0000E-03  0.9995   0.0000E+00  0.0000   0.0000E+00  0.0000   0.0000E+00  0.0000
   9.1201E-03   1.2023E-02   0.0000E+00  0.0000   0.0000E+00  0.0000   0.0000E+00  0.0000   1.0000E-03  0.9995   0.0000E+00  0.0000   0.0000E+00  0.0000
   1.2023E-02   1.5849E-02   1.0000E-03  0.9995   0.0000E+00  0.0000   2.0000E-03  0.7064   4.0000E-03  0.4990   0.0000E+00  0.0000   0.0000E+00  0.0000
   1.5849E-02   2.0893E-02   1.0000E-03  0.9995   0.0000E+00  0.0000   1.0000E-03  0.9995   2.0000E-03  0.7064   0.0000E+00  0.0000   0.0000E+00  0.0000
   2.0893E-02   2.7542E-02   4.0000E-03  0.4990   0.0000E+00  0.0000   2.0000E-03  0.7064   7.0000E-03  0.3766   0.0000E+00  0.0000   0.0000E+00  0.0000
   2.7542E-02   3.6308E-02   0.0000E+00  0.0000   0.0000E+00  0.0000   1.0000E-03  0.9995   5.0000E-03  0.4461   0.0000E+00  0.0000   0.0000E+00  0.0000
   3.6308E-02   4.7863E-02   1.0000E-03  0.9995   0.0000E+00  0.0000   1.0000E-03  0.9995   2.0000E-03  0.7064   0.0000E+00  0.0000   0.0000E+00  0.0000
   4.7863E-02   6.3096E-02   2.0000E-03  0.7064   1.0000E-03  0.9995   3.0000E-03  0.5765   4.0000E-03  0.4990   0.0000E+00  0.0000   0.0000E+00  0.0000
   6.3096E-02   8.3176E-02   6.0000E-03  0.4070   1.0000E-03  0.9995   4.0000E-03  0.4990   6.0000E-03  0.4070   0.0000E+00  0.0000   0.0000E+00  0.0000
   8.3176E-02   1.0965E-01   1.0000E-03  0.9995   0.0000E+00  0.0000   5.0000E-03  0.4461   1.0000E-02  0.3146   0.0000E+00  0.0000   0.0000E+00  0.0000
   1.0965E-01   1.4454E-01   5.0000E-03  0.4461   2.0000E-03  0.7064   4.0000E-03  0.4990   8.0000E-03  0.3521   0.0000E+00  0.0000   0.0000E+00  0.0000
   1.4454E-01   1.9055E-01   4.0000E-03  0.4990   2.0000E-03  0.7064   7.0000E-03  0.3766   3.0000E-03  0.5765   0.0000E+00  0.0000   0.0000E+00  0.0000
   1.9055E-01   2.5119E-01   5.0000E-03  0.4461   0.0000E+00  0.0000   8.0000E-03  0.3521   8.0000E-03  0.3521   0.0000E+00  0.0000   0.0000E+00  0.0000
   2.5119E-01   3.3113E-01   2.0000E-03  0.7064   0.0000E+00  0.0000   3.0000E-03  0.5765   4.0000E-03  0.4990   0.0000E+00  0.0000   0.0000E+00  0.0000
   3.3113E-01   4.3652E-01   4.0000E-03  0.4990   1.0000E-03  0.9995   5.0000E-03  0.4461   6.0000E-03  0.4070   0.0000E+00  0.0000   0.0000E+00  0.0000
   4.3652E-01   5.7544E-01   4.0000E-03  0.4990   3.0000E-03  0.5765   0.0000E+00  0.0000   8.0000E-03  0.3521   0.0000E+00  0.0000   0.0000E+00  0.0000
   5.7544E-01   7.5858E-01   6.0000E-03  0.4070   5.0000E-03  0.4461   3.0000E-03  0.5765   7.0000E-03  0.3766   0.0000E+00  0.0000   0.0000E+00  0.0000
   7.5858E-01   1.0000E+00   8.0000E-03  0.3521   5.0000E-03  0.4461   4.0000E-03  0.4990   4.0000E-03  0.4990   0.0000E+00  0.0000   0.0000E+00  0.0000
   1.0000E+00   1.3183E+00   1.1000E-02  0.2998   4.0000E-03  0.4990   5.0000E-03  0.4461   5.0000E-03  0.4461   0.0000E+00  0.0000   0.0000E+00  0.0000
   1.3183E+00   1.7378E+00   9.0000E-03  0.3318   3.0000E-03  0.5765   3.0000E-03  0.5765   6.0000E-03  0.4070   0.0000E+00  0.0000   0.0000E+00  0.0000
   1.7378E+00   2.2909E+00   7.0000E-03  0.3766   5.0000E-03  0.4461   2.0000E-03  0.7064   5.0000E-03  0.4461   1.0000E-03  0.9995   0.0000E+00  0.0000
   2.2909E+00   3.0200E+00   6.0000E-03  0.4070   4.0000E-03  0.4990   1.0000E-03  0.9995   5.0000E-03  0.4461   0.0000E+00  0.0000   0.0000E+00  0.0000
   3.0200E+00   3.9811E+00   9.0000E-03  0.3318   5.0000E-03  0.4461   2.0000E-03  0.7064   4.0000E-03  0.4990   2.0000E-03  0.7064   0.0000E+00  0.0000
   3.9811E+00   5.2481E+00   2.0000E-03  0.7064   2.0000E-03  0.7064   1.0000E-03  0.9995   2.0000E-03  0.7064   1.0000E-03  0.9995   0.0000E+00  0.0000
   5.2481E+00   6.9183E+00   4.0000E-03  0.4990   2.0000E-03  0.7064   2.0000E-03  0.7064   2.0000E-03  0.7064   0.0000E+00  0.0000   0.0000E+00  0.0000
   6.9183E+00   9.1201E+00   4.0000E-03  0.4990   4.0000E-03  0.4990   0.0000E+00  0.0000   0.0000E+00  0.0000   0.0000E+00  0.0000   0.0000E+00  0.0000
   9.1201E+00   1.2023E+01   3.0000E-03  0.5765   4.0000E-03  0.4990   0.0000E+00  0.0000   0.0000E+00  0.0000   1.0000E-03  0.9995   0.0000E+00  0.0000
   1.2023E+01   1.5849E+01   3.0000E-03  0.5765   3.0000E-03  0.5765   0.0000E+00  0.0000   0.0000E+00  0.0000   0.0000E+00  0.0000   0.0000E+00  0.0000
   1.5849E+01   2.0893E+01   3.0000E-03  0.5765   3.0000E-03  0.5765   0.0000E+00  0.0000   0.0000E+00  0.0000   1.0000E-03  0.9995   0.0000E+00  0.0000
   2.0893E+01   2.7542E+01   1.0000E-02  0.3146   1.1000E-02  0.2998   0.0000E+00  0.0000   0.0000E+00  0.0000   0.0000E+00  0.0000   0.0000E+00  0.0000
   2.7542E+01   3.6308E+01   8.0000E-03  0.3521   7.0000E-03  0.3766   0.0000E+00  0.0000   0.0000E+00  0.0000   0.0000E+00  0.0000   0.0000E+00  0.0000
   3.6308E+01   4.7863E+01   2.2000E-02  0.2108   2.3000E-02  0.2061   0.0000E+00  0.0000   0.0000E+00  0.0000   0.0000E+00  0.0000   0.0000E+00  0.0000
   4.7863E+01   6.3096E+01   3.7000E-02  0.1613   3.6000E-02  0.1636   0.0000E+00  0.0000   0.0000E+00  0.0000   0.0000E+00  0.0000   0.0000E+00  0.0000
   6.3096E+01   8.3176E+01   5.1000E-02  0.1364   5.2000E-02  0.1350   0.0000E+00  0.0000   0.0000E+00  0.0000   0.0000E+00  0.0000   0.0000E+00  0.0000
   8.3176E+01   1.0965E+02   4.3000E-02  0.1492   4.1000E-02  0.1529   0.0000E+00  0.0000   0.0000E+00  0.0000   0.0000E+00  0.0000   0.0000E+00  0.0000
   1.0965E+02   1.4454E+02   3.1000E-02  0.1768   3.1000E-02  0.1768   0.0000E+00  0.0000   0.0000E+00  0.0000   0.0000E+00  0.0000   0.0000E+00  0.0000
   1.4454E+02   1.9055E+02   1.5000E-02  0.2563   1.5000E-02  0.2563   0.0000E+00  0.0000   0.0000E+00  0.0000   0.0000E+00  0.0000   0.0000E+00  0.0000
   1.9055E+02   2.5119E+02   1.0000E-03  0.9995   1.0000E-03  0.9995   0.0000E+00  0.0000   0.0000E+00  0.0000   0.0000E+00  0.0000   0.0000E+00  0.0000
   2.5119E+02   3.3113E+02   0.0000E+00  0.0000   0.0000E+00  0.0000   0.0000E+00  0.0000   0.0000E+00  0.0000   0.0000E+00  0.0000   0.0000E+00  0.0000
   3.3113E+02   4.3652E+02   0.0000E+00  0.0000   0.0000E+00  0.0000   0.0000E+00  0.0000   0.0000E+00  0.0000   0.0000E+00  0.0000   0.0000E+00  0.0000
   4.3652E+02   5.7544E+02   0.0000E+00  0.0000   0.0000E+00  0.0000   0.0000E+00  0.0000   0.0000E+00  0.0000   0.0000E+00  0.0000   0.0000E+00  0.0000
   5.7544E+02   7.5858E+02   0.0000E+00  0.0000   0.0000E+00  0.0000   0.0000E+00  0.0000   0.0000E+00  0.0000   0.0000E+00  0.0000   0.0000E+00  0.0000
   7.5858E+02   1.0000E+03   0.0000E+00  0.0000   0.0000E+00  0.0000   0.0000E+00  0.0000   0.0000E+00  0.0000   0.0000E+00  0.0000   0.0000E+00  0.0000

#   sum over                 3.3400E-01  0.0540   2.7600E-01  0.0593   7.1000E-02  0.1184   1.2200E-01  0.0903   6.0000E-03  0.4080   0.0000E+00  0.0000

'no. =  2,  reg  =      2'
msuc: {\huge [t-deposit] in region mesh}
msdl: {\it plotted by \ANGEL \version}
msdr: {\it calculated by \PHITS  2.30}
wt: s(0.7)
\vspace{-3}
   vol  &=&   1.0000E+00 [cm^3]
e:

#------------------------------------------------------------------------------
 newpage:
#   no. =  3   reg =    3

x: Deposit Energy [MeV]
y: Number [1/source]     
p: xlog ylog afac(0.8) form(0.9)
h: n            x            y(all     ),hh0l  n  y(proton  ),hh0dr n  y(nucleus ),hh0mb n  y(electron),hh0ug n  y(alpha   ),hh0pc n  y(pion+   ),hh0q  n  
#  e-lower      e-upper     deposit      r.err   deposit      r.err   deposit      r.err   deposit      r.err   deposit      r.err   deposit      r.err 
   1.0000E-03   1.3183E-03   1.0000E-03  0.9995   0.0000E+00  0.0000   0.0000E+00  0.0000   1.0000E-03  0.9995   0.0000E+00  0.0000   0.0000E+00  0.0000
   1.3183E-03   1.7378E-03   1.0000E-03  0.9995   0.0000E+00  0.0000   0.0000E+00  0.0000   1.0000E-03  0.9995   0.0000E+00  0.0000   0.0000E+00  0.0000
   1.7378E-03   2.2909E-03   1.0000E-03  0.9995   0.0000E+00  0.0000   0.0000E+00  0.0000   2.0000E-03  0.7064   0.0000E+00  0.0000   0.0000E+00  0.0000
   2.2909E-03   3.0200E-03   0.0000E+00  0.0000   0.0000E+00  0.0000   0.0000E+00  0.0000   1.0000E-03  0.9995   0.0000E+00  0.0000   0.0000E+00  0.0000
   3.0200E-03   3.9811E-03   0.0000E+00  0.0000   0.0000E+00  0.0000   0.0000E+00  0.0000   0.0000E+00  0.0000   0.0000E+00  0.0000   0.0000E+00  0.0000
   3.9811E-03   5.2481E-03   1.0000E-03  0.9995   0.0000E+00  0.0000   0.0000E+00  0.0000   1.0000E-03  0.9995   0.0000E+00  0.0000   0.0000E+00  0.0000
   5.2481E-03   6.9183E-03   1.0000E-03  0.9995   0.0000E+00  0.0000   0.0000E+00  0.0000   1.0000E-03  0.9995   0.0000E+00  0.0000   0.0000E+00  0.0000
   6.9183E-03   9.1201E-03   1.0000E-03  0.9995   0.0000E+00  0.0000   0.0000E+00  0.0000   1.0000E-03  0.9995   0.0000E+00  0.0000   0.0000E+00  0.0000
   9.1201E-03   1.2023E-02   3.0000E-03  0.5765   0.0000E+00  0.0000   0.0000E+00  0.0000   3.0000E-03  0.5765   0.0000E+00  0.0000   0.0000E+00  0.0000
   1.2023E-02   1.5849E-02   5.0000E-03  0.4461   0.0000E+00  0.0000   1.0000E-03  0.9995   7.0000E-03  0.3766   0.0000E+00  0.0000   0.0000E+00  0.0000
   1.5849E-02   2.0893E-02   2.0000E-03  0.7064   0.0000E+00  0.0000   0.0000E+00  0.0000   2.0000E-03  0.7064   0.0000E+00  0.0000   0.0000E+00  0.0000
   2.0893E-02   2.7542E-02   2.0000E-03  0.7064   0.0000E+00  0.0000   0.0000E+00  0.0000   2.0000E-03  0.7064   0.0000E+00  0.0000   0.0000E+00  0.0000
   2.7542E-02   3.6308E-02   2.0000E-03  0.7064   0.0000E+00  0.0000   0.0000E+00  0.0000   5.0000E-03  0.4461   0.0000E+00  0.0000   0.0000E+00  0.0000
   3.6308E-02   4.7863E-02   5.0000E-03  0.4461   1.0000E-03  0.9995   2.0000E-03  0.7064   4.0000E-03  0.4990   0.0000E+00  0.0000   0.0000E+00  0.0000
   4.7863E-02   6.3096E-02   6.0000E-03  0.4070   0.0000E+00  0.0000   2.0000E-03  0.7064   6.0000E-03  0.4070   0.0000E+00  0.0000   0.0000E+00  0.0000
   6.3096E-02   8.3176E-02   5.0000E-03  0.4461   0.0000E+00  0.0000   5.0000E-03  0.4461   9.0000E-03  0.3318   0.0000E+00  0.0000   0.0000E+00  0.0000
   8.3176E-02   1.0965E-01   6.0000E-03  0.4070   0.0000E+00  0.0000   2.0000E-03  0.7064   6.0000E-03  0.4070   0.0000E+00  0.0000   0.0000E+00  0.0000
   1.0965E-01   1.4454E-01   9.0000E-03  0.3318   1.0000E-03  0.9995   5.0000E-03  0.4461   7.0000E-03  0.3766   0.0000E+00  0.0000   0.0000E+00  0.0000
   1.4454E-01   1.9055E-01   3.0000E-03  0.5765   1.0000E-03  0.9995   2.0000E-03  0.7064   2.0000E-03  0.7064   0.0000E+00  0.0000   0.0000E+00  0.0000
   1.9055E-01   2.5119E-01   7.0000E-03  0.3766   2.0000E-03  0.7064   5.0000E-03  0.4461   5.0000E-03  0.4461   0.0000E+00  0.0000   0.0000E+00  0.0000
   2.5119E-01   3.3113E-01   4.0000E-03  0.4990   1.0000E-03  0.9995   4.0000E-03  0.4990   1.0000E-03  0.9995   0.0000E+00  0.0000   0.0000E+00  0.0000
   3.3113E-01   4.3652E-01   2.0000E-03  0.7064   1.0000E-03  0.9995   3.0000E-03  0.5765   5.0000E-03  0.4461   0.0000E+00  0.0000   0.0000E+00  0.0000
   4.3652E-01   5.7544E-01   1.0000E-03  0.9995   1.0000E-03  0.9995   1.0000E-03  0.9995   1.0000E-03  0.9995   0.0000E+00  0.0000   0.0000E+00  0.0000
   5.7544E-01   7.5858E-01   1.1000E-02  0.2998   3.0000E-03  0.5765   4.0000E-03  0.4990   8.0000E-03  0.3521   0.0000E+00  0.0000   0.0000E+00  0.0000
   7.5858E-01   1.0000E+00   5.0000E-03  0.4461   2.0000E-03  0.7064   5.0000E-03  0.4461   2.0000E-03  0.7064   0.0000E+00  0.0000   0.0000E+00  0.0000
   1.0000E+00   1.3183E+00   5.0000E-03  0.4461   3.0000E-03  0.5765   0.0000E+00  0.0000   5.0000E-03  0.4461   0.0000E+00  0.0000   0.0000E+00  0.0000
   1.3183E+00   1.7378E+00   6.0000E-03  0.4070   3.0000E-03  0.5765   1.0000E-03  0.9995   2.0000E-03  0.7064   1.0000E-03  0.9995   0.0000E+00  0.0000
   1.7378E+00   2.2909E+00   6.0000E-03  0.4070   2.0000E-03  0.7064   2.0000E-03  0.7064   6.0000E-03  0.4070   0.0000E+00  0.0000   0.0000E+00  0.0000
   2.2909E+00   3.0200E+00   4.0000E-03  0.4990   2.0000E-03  0.7064   0.0000E+00  0.0000   4.0000E-03  0.4990   0.0000E+00  0.0000   0.0000E+00  0.0000
   3.0200E+00   3.9811E+00   8.0000E-03  0.3521   4.0000E-03  0.4990   1.0000E-03  0.9995   4.0000E-03  0.4990   0.0000E+00  0.0000   0.0000E+00  0.0000
   3.9811E+00   5.2481E+00   9.0000E-03  0.3318   3.0000E-03  0.5765   0.0000E+00  0.0000   5.0000E-03  0.4461   1.0000E-03  0.9995   0.0000E+00  0.0000
   5.2481E+00   6.9183E+00   6.0000E-03  0.4070   3.0000E-03  0.5765   1.0000E-03  0.9995   4.0000E-03  0.4990   2.0000E-03  0.7064   0.0000E+00  0.0000
   6.9183E+00   9.1201E+00   4.0000E-03  0.4990   3.0000E-03  0.5765   0.0000E+00  0.0000   0.0000E+00  0.0000   0.0000E+00  0.0000   0.0000E+00  0.0000
   9.1201E+00   1.2023E+01   1.0000E-03  0.9995   0.0000E+00  0.0000   0.0000E+00  0.0000   0.0000E+00  0.0000   0.0000E+00  0.0000   0.0000E+00  0.0000
   1.2023E+01   1.5849E+01   5.0000E-03  0.4461   5.0000E-03  0.4461   0.0000E+00  0.0000   0.0000E+00  0.0000   0.0000E+00  0.0000   0.0000E+00  0.0000
   1.5849E+01   2.0893E+01   3.0000E-03  0.5765   3.0000E-03  0.5765   0.0000E+00  0.0000   0.0000E+00  0.0000   0.0000E+00  0.0000   0.0000E+00  0.0000
   2.0893E+01   2.7542E+01   3.0000E-03  0.5765   3.0000E-03  0.5765   0.0000E+00  0.0000   0.0000E+00  0.0000   0.0000E+00  0.0000   0.0000E+00  0.0000
   2.7542E+01   3.6308E+01   8.0000E-03  0.3521   7.0000E-03  0.3766   0.0000E+00  0.0000   0.0000E+00  0.0000   0.0000E+00  0.0000   0.0000E+00  0.0000
   3.6308E+01   4.7863E+01   6.0000E-03  0.4070   6.0000E-03  0.4070   0.0000E+00  0.0000   0.0000E+00  0.0000   0.0000E+00  0.0000   0.0000E+00  0.0000
   4.7863E+01   6.3096E+01   1.2000E-02  0.2869   1.2000E-02  0.2869   0.0000E+00  0.0000   0.0000E+00  0.0000   0.0000E+00  0.0000   0.0000E+00  0.0000
   6.3096E+01   8.3176E+01   1.6000E-02  0.2480   1.6000E-02  0.2480   0.0000E+00  0.0000   0.0000E+00  0.0000   0.0000E+00  0.0000   0.0000E+00  0.0000
   8.3176E+01   1.0965E+02   1.4000E-02  0.2654   1.4000E-02  0.2654   0.0000E+00  0.0000   0.0000E+00  0.0000   0.0000E+00  0.0000   0.0000E+00  0.0000
   1.0965E+02   1.4454E+02   3.0000E-03  0.5765   3.0000E-03  0.5765   0.0000E+00  0.0000   0.0000E+00  0.0000   0.0000E+00  0.0000   0.0000E+00  0.0000
   1.4454E+02   1.9055E+02   0.0000E+00  0.0000   0.0000E+00  0.0000   0.0000E+00  0.0000   0.0000E+00  0.0000   0.0000E+00  0.0000   0.0000E+00  0.0000
   1.9055E+02   2.5119E+02   0.0000E+00  0.0000   0.0000E+00  0.0000   0.0000E+00  0.0000   0.0000E+00  0.0000   0.0000E+00  0.0000   0.0000E+00  0.0000
   2.5119E+02   3.3113E+02   0.0000E+00  0.0000   0.0000E+00  0.0000   0.0000E+00  0.0000   0.0000E+00  0.0000   0.0000E+00  0.0000   0.0000E+00  0.0000
   3.3113E+02   4.3652E+02   0.0000E+00  0.0000   0.0000E+00  0.0000   0.0000E+00  0.0000   0.0000E+00  0.0000   0.0000E+00  0.0000   0.0000E+00  0.0000
   4.3652E+02   5.7544E+02   0.0000E+00  0.0000   0.0000E+00  0.0000   0.0000E+00  0.0000   0.0000E+00  0.0000   0.0000E+00  0.0000   0.0000E+00  0.0000
   5.7544E+02   7.5858E+02   0.0000E+00  0.0000   0.0000E+00  0.0000   0.0000E+00  0.0000   0.0000E+00  0.0000   0.0000E+00  0.0000   0.0000E+00  0.0000
   7.5858E+02   1.0000E+03   0.0000E+00  0.0000   0.0000E+00  0.0000   0.0000E+00  0.0000   0.0000E+00  0.0000   0.0000E+00  0.0000   0.0000E+00  0.0000

#   sum over                 2.0300E-01  0.0699   1.0500E-01  0.0972   4.6000E-02  0.1472   1.1300E-01  0.0938   4.0000E-03  0.4996   0.0000E+00  0.0000

'no. =  3,  reg  =      3'
msuc: {\huge [t-deposit] in region mesh}
msdl: {\it plotted by \ANGEL \version}
msdr: {\it calculated by \PHITS  2.30}
wt: s(0.7)
\vspace{-3}
   vol  &=&   1.0000E+00 [cm^3]
e:

#------------------------------------------------------------------------------
 newpage:
#   no. =  4   reg =    4

x: Deposit Energy [MeV]
y: Number [1/source]     
p: xlog ylog afac(0.8) form(0.9)
h: n            x            y(all     ),hh0l  n  y(proton  ),hh0dr n  y(nucleus ),hh0mb n  y(electron),hh0ug n  y(alpha   ),hh0pc n  y(pion+   ),hh0q  n  
#  e-lower      e-upper     deposit      r.err   deposit      r.err   deposit      r.err   deposit      r.err   deposit      r.err   deposit      r.err 
   1.0000E-03   1.3183E-03   0.0000E+00  0.0000   0.0000E+00  0.0000   0.0000E+00  0.0000   0.0000E+00  0.0000   0.0000E+00  0.0000   0.0000E+00  0.0000
   1.3183E-03   1.7378E-03   0.0000E+00  0.0000   0.0000E+00  0.0000   0.0000E+00  0.0000   0.0000E+00  0.0000   0.0000E+00  0.0000   0.0000E+00  0.0000
   1.7378E-03   2.2909E-03   0.0000E+00  0.0000   0.0000E+00  0.0000   0.0000E+00  0.0000   0.0000E+00  0.0000   0.0000E+00  0.0000   0.0000E+00  0.0000
   2.2909E-03   3.0200E-03   0.0000E+00  0.0000   0.0000E+00  0.0000   0.0000E+00  0.0000   0.0000E+00  0.0000   0.0000E+00  0.0000   0.0000E+00  0.0000
   3.0200E-03   3.9811E-03   0.0000E+00  0.0000   0.0000E+00  0.0000   0.0000E+00  0.0000   0.0000E+00  0.0000   0.0000E+00  0.0000   0.0000E+00  0.0000
   3.9811E-03   5.2481E-03   0.0000E+00  0.0000   0.0000E+00  0.0000   0.0000E+00  0.0000   0.0000E+00  0.0000   0.0000E+00  0.0000   0.0000E+00  0.0000
   5.2481E-03   6.9183E-03   0.0000E+00  0.0000   0.0000E+00  0.0000   0.0000E+00  0.0000   0.0000E+00  0.0000   0.0000E+00  0.0000   0.0000E+00  0.0000
   6.9183E-03   9.1201E-03   0.0000E+00  0.0000   0.0000E+00  0.0000   0.0000E+00  0.0000   0.0000E+00  0.0000   0.0000E+00  0.0000   0.0000E+00  0.0000
   9.1201E-03   1.2023E-02   0.0000E+00  0.0000   0.0000E+00  0.0000   0.0000E+00  0.0000   0.0000E+00  0.0000   0.0000E+00  0.0000   0.0000E+00  0.0000
   1.2023E-02   1.5849E-02   0.0000E+00  0.0000   0.0000E+00  0.0000   0.0000E+00  0.0000   0.0000E+00  0.0000   0.0000E+00  0.0000   0.0000E+00  0.0000
   1.5849E-02   2.0893E-02   0.0000E+00  0.0000   0.0000E+00  0.0000   0.0000E+00  0.0000   0.0000E+00  0.0000   0.0000E+00  0.0000   0.0000E+00  0.0000
   2.0893E-02   2.7542E-02   0.0000E+00  0.0000   0.0000E+00  0.0000   0.0000E+00  0.0000   0.0000E+00  0.0000   0.0000E+00  0.0000   0.0000E+00  0.0000
   2.7542E-02   3.6308E-02   0.0000E+00  0.0000   0.0000E+00  0.0000   0.0000E+00  0.0000   0.0000E+00  0.0000   0.0000E+00  0.0000   0.0000E+00  0.0000
   3.6308E-02   4.7863E-02   0.0000E+00  0.0000   0.0000E+00  0.0000   0.0000E+00  0.0000   0.0000E+00  0.0000   0.0000E+00  0.0000   0.0000E+00  0.0000
   4.7863E-02   6.3096E-02   0.0000E+00  0.0000   0.0000E+00  0.0000   0.0000E+00  0.0000   0.0000E+00  0.0000   0.0000E+00  0.0000   0.0000E+00  0.0000
   6.3096E-02   8.3176E-02   0.0000E+00  0.0000   0.0000E+00  0.0000   0.0000E+00  0.0000   0.0000E+00  0.0000   0.0000E+00  0.0000   0.0000E+00  0.0000
   8.3176E-02   1.0965E-01   0.0000E+00  0.0000   0.0000E+00  0.0000   0.0000E+00  0.0000   0.0000E+00  0.0000   0.0000E+00  0.0000   0.0000E+00  0.0000
   1.0965E-01   1.4454E-01   0.0000E+00  0.0000   0.0000E+00  0.0000   0.0000E+00  0.0000   0.0000E+00  0.0000   0.0000E+00  0.0000   0.0000E+00  0.0000
   1.4454E-01   1.9055E-01   0.0000E+00  0.0000   0.0000E+00  0.0000   0.0000E+00  0.0000   0.0000E+00  0.0000   0.0000E+00  0.0000   0.0000E+00  0.0000
   1.9055E-01   2.5119E-01   0.0000E+00  0.0000   0.0000E+00  0.0000   0.0000E+00  0.0000   0.0000E+00  0.0000   0.0000E+00  0.0000   0.0000E+00  0.0000
   2.5119E-01   3.3113E-01   0.0000E+00  0.0000   0.0000E+00  0.0000   0.0000E+00  0.0000   0.0000E+00  0.0000   0.0000E+00  0.0000   0.0000E+00  0.0000
   3.3113E-01   4.3652E-01   0.0000E+00  0.0000   0.0000E+00  0.0000   0.0000E+00  0.0000   0.0000E+00  0.0000   0.0000E+00  0.0000   0.0000E+00  0.0000
   4.3652E-01   5.7544E-01   0.0000E+00  0.0000   0.0000E+00  0.0000   0.0000E+00  0.0000   0.0000E+00  0.0000   0.0000E+00  0.0000   0.0000E+00  0.0000
   5.7544E-01   7.5858E-01   0.0000E+00  0.0000   0.0000E+00  0.0000   0.0000E+00  0.0000   0.0000E+00  0.0000   0.0000E+00  0.0000   0.0000E+00  0.0000
   7.5858E-01   1.0000E+00   0.0000E+00  0.0000   0.0000E+00  0.0000   0.0000E+00  0.0000   0.0000E+00  0.0000   0.0000E+00  0.0000   0.0000E+00  0.0000
   1.0000E+00   1.3183E+00   0.0000E+00  0.0000   0.0000E+00  0.0000   0.0000E+00  0.0000   0.0000E+00  0.0000   0.0000E+00  0.0000   0.0000E+00  0.0000
   1.3183E+00   1.7378E+00   0.0000E+00  0.0000   0.0000E+00  0.0000   0.0000E+00  0.0000   0.0000E+00  0.0000   0.0000E+00  0.0000   0.0000E+00  0.0000
   1.7378E+00   2.2909E+00   0.0000E+00  0.0000   0.0000E+00  0.0000   0.0000E+00  0.0000   0.0000E+00  0.0000   0.0000E+00  0.0000   0.0000E+00  0.0000
   2.2909E+00   3.0200E+00   0.0000E+00  0.0000   0.0000E+00  0.0000   0.0000E+00  0.0000   0.0000E+00  0.0000   0.0000E+00  0.0000   0.0000E+00  0.0000
   3.0200E+00   3.9811E+00   0.0000E+00  0.0000   0.0000E+00  0.0000   0.0000E+00  0.0000   0.0000E+00  0.0000   0.0000E+00  0.0000   0.0000E+00  0.0000
   3.9811E+00   5.2481E+00   0.0000E+00  0.0000   0.0000E+00  0.0000   0.0000E+00  0.0000   0.0000E+00  0.0000   0.0000E+00  0.0000   0.0000E+00  0.0000
   5.2481E+00   6.9183E+00   0.0000E+00  0.0000   0.0000E+00  0.0000   0.0000E+00  0.0000   0.0000E+00  0.0000   0.0000E+00  0.0000   0.0000E+00  0.0000
   6.9183E+00   9.1201E+00   0.0000E+00  0.0000   0.0000E+00  0.0000   0.0000E+00  0.0000   0.0000E+00  0.0000   0.0000E+00  0.0000   0.0000E+00  0.0000
   9.1201E+00   1.2023E+01   0.0000E+00  0.0000   0.0000E+00  0.0000   0.0000E+00  0.0000   0.0000E+00  0.0000   0.0000E+00  0.0000   0.0000E+00  0.0000
   1.2023E+01   1.5849E+01   0.0000E+00  0.0000   0.0000E+00  0.0000   0.0000E+00  0.0000   0.0000E+00  0.0000   0.0000E+00  0.0000   0.0000E+00  0.0000
   1.5849E+01   2.0893E+01   0.0000E+00  0.0000   0.0000E+00  0.0000   0.0000E+00  0.0000   0.0000E+00  0.0000   0.0000E+00  0.0000   0.0000E+00  0.0000
   2.0893E+01   2.7542E+01   0.0000E+00  0.0000   0.0000E+00  0.0000   0.0000E+00  0.0000   0.0000E+00  0.0000   0.0000E+00  0.0000   0.0000E+00  0.0000
   2.7542E+01   3.6308E+01   0.0000E+00  0.0000   0.0000E+00  0.0000   0.0000E+00  0.0000   0.0000E+00  0.0000   0.0000E+00  0.0000   0.0000E+00  0.0000
   3.6308E+01   4.7863E+01   0.0000E+00  0.0000   0.0000E+00  0.0000   0.0000E+00  0.0000   0.0000E+00  0.0000   0.0000E+00  0.0000   0.0000E+00  0.0000
   4.7863E+01   6.3096E+01   0.0000E+00  0.0000   0.0000E+00  0.0000   0.0000E+00  0.0000   0.0000E+00  0.0000   0.0000E+00  0.0000   0.0000E+00  0.0000
   6.3096E+01   8.3176E+01   0.0000E+00  0.0000   0.0000E+00  0.0000   0.0000E+00  0.0000   0.0000E+00  0.0000   0.0000E+00  0.0000   0.0000E+00  0.0000
   8.3176E+01   1.0965E+02   0.0000E+00  0.0000   0.0000E+00  0.0000   0.0000E+00  0.0000   0.0000E+00  0.0000   0.0000E+00  0.0000   0.0000E+00  0.0000
   1.0965E+02   1.4454E+02   0.0000E+00  0.0000   0.0000E+00  0.0000   0.0000E+00  0.0000   0.0000E+00  0.0000   0.0000E+00  0.0000   0.0000E+00  0.0000
   1.4454E+02   1.9055E+02   0.0000E+00  0.0000   0.0000E+00  0.0000   0.0000E+00  0.0000   0.0000E+00  0.0000   0.0000E+00  0.0000   0.0000E+00  0.0000
   1.9055E+02   2.5119E+02   0.0000E+00  0.0000   0.0000E+00  0.0000   0.0000E+00  0.0000   0.0000E+00  0.0000   0.0000E+00  0.0000   0.0000E+00  0.0000
   2.5119E+02   3.3113E+02   0.0000E+00  0.0000   0.0000E+00  0.0000   0.0000E+00  0.0000   0.0000E+00  0.0000   0.0000E+00  0.0000   0.0000E+00  0.0000
   3.3113E+02   4.3652E+02   0.0000E+00  0.0000   0.0000E+00  0.0000   0.0000E+00  0.0000   0.0000E+00  0.0000   0.0000E+00  0.0000   0.0000E+00  0.0000
   4.3652E+02   5.7544E+02   0.0000E+00  0.0000   0.0000E+00  0.0000   0.0000E+00  0.0000   0.0000E+00  0.0000   0.0000E+00  0.0000   0.0000E+00  0.0000
   5.7544E+02   7.5858E+02   0.0000E+00  0.0000   0.0000E+00  0.0000   0.0000E+00  0.0000   0.0000E+00  0.0000   0.0000E+00  0.0000   0.0000E+00  0.0000
   7.5858E+02   1.0000E+03   0.0000E+00  0.0000   0.0000E+00  0.0000   0.0000E+00  0.0000   0.0000E+00  0.0000   0.0000E+00  0.0000   0.0000E+00  0.0000

#   sum over                 0.0000E+00  0.0000   0.0000E+00  0.0000   0.0000E+00  0.0000   0.0000E+00  0.0000   0.0000E+00  0.0000   0.0000E+00  0.0000

'no. =  4,  reg  =      4'
msuc: {\huge [t-deposit] in region mesh}
msdl: {\it plotted by \ANGEL \version}
msdr: {\it calculated by \PHITS  2.30}
wt: s(0.7)
\vspace{-3}
   vol  &=&   1.0000E+00 [cm^3]
e:
